Date,Open,High,Low,Close,Adj Close,Volume
2024-12-31,44.68,46.26,44.37,45.8,45.8,3119715
2024-12-30,46.985,48.49,44.14,45.53,45.53,5877384
2024-12-27,43.24,46.87,43.088,44.43,44.43,5905669
2024-12-26,42.85,44.0158,42.255,42.55,42.55,3623184
2024-12-24,43.91,44.05,42.18,42.28,42.28,2884268
2024-12-23,47.03,48.82,44.38,44.38,44.38,4045915
2024-12-20,55.75,55.98,47.625,48.08,48.08,10973882
2024-12-19,49.2597,56.85,48.89,56.14,56.14,11428162
2024-12-18,43.985,51.89,43.38,51.72,51.72,8144114
2024-12-17,43.771,44.5,43.24,44.29,44.29,4126272
2024-12-16,42.3733,43.46,42.3,43.22,43.22,3032275
2024-12-13,41.9504,43.03,41.75,42.5,42.5,2852963
2024-12-12,42.26,42.92,41.8388,42.47,42.47,3060360
2024-12-11,41.57,42.33,41.38,42.13,42.13,3377394
2024-12-10,42.45,42.86,42.02,42.46,42.46,2799792
2024-12-09,41.6742,43.07,41.59,42.89,42.89,3579438
2024-12-06,41.64,42.18,41.47,41.76,41.76,3308943
2024-12-05,42.58,42.7,42.11,42.42,42.42,2279386
2024-12-04,41.67,42.39,41.3,42.33,42.33,2802377
2024-12-03,42.58,43.24,41.71,42.07,42.07,2801421
2024-12-02,42.61,42.74,42.14,42.3,42.3,1993409
2024-11-29,43,43.08,42.42,42.585,42.585,2111757
2024-11-27,43.72,44.82,43.32,43.45,43.45,2624954
2024-11-26,44.06,44.06,43.23,43.61,43.61,2997238
2024-11-25,44.31,46.2463,43.88,43.88,43.88,3644270
2024-11-22,47.28,47.56,45.72,45.76,45.76,4059510
2024-11-21,46.58,49.27,46.43,47.65,47.65,5656180
2024-11-20,46.475,49.83,46.34,48.03,48.03,7870478
2024-11-19,47.4889,47.62,45.21,46.38,46.38,6250695
2024-11-18,46.24,46.64,44.15,44.89,44.89,4356053
2024-11-15,44.19,48.63,43.95,46.59,46.59,8239885
2024-11-14,43.27,43.84,42.78,43.48,43.48,3466660
2024-11-13,44.24,44.78,43.35,43.535,43.535,3026143
2024-11-12,44.84,45.73,44.36,44.52,44.52,3233376
2024-11-11,44.37,44.75,43.92,44.65,44.65,3168902
2024-11-08,45.03,45.61,44.57,44.77,44.77,3230181
2024-11-07,45.74,45.74,44.84,45.09,45.09,4386697
2024-11-06,46,48.49,46,46.74,46.74,7838976
2024-11-05,53.69,53.69,51.41,51.55,51.55,6254737
2024-11-04,56.37,56.7102,54.15,54.47,54.47,4552875
2024-11-01,56.31,57.05,54.96,56.85,56.85,6145103
2024-10-31,55.2099,58,55.1,57.87,57.87,7310092
2024-10-30,52.95,53.92,52.12,53.76,53.76,3054689
2024-10-29,52.84,53.25,51.71,52.48,52.48,2947222
2024-10-28,53.06,53.38,52.01,52.71,52.71,3930978
2024-10-25,52.19,55.39,51.72,55.29,55.29,4707778
2024-10-24,52.53,55.25,52.465,52.81,52.81,3981106
2024-10-23,51.75,55.09,51.61,53.72,53.72,5477638
2024-10-22,52.04,52.57,50.81,51.15,51.15,2799325
2024-10-21,51.6,52.71,51.09,51.35,51.35,2856604
2024-10-18,52.09,52.39,51.14,51.21,51.21,2487258
2024-10-17,52.81,53.5,52.34,52.45,52.45,2145717
2024-10-16,53.72,54.61,52.97,53.33,53.33,2986468
2024-10-15,51.23,54.075,50.86,53.85,53.85,5534039
2024-10-14,53.31,53.52,51.59,52.15,52.15,2861634
2024-10-11,54.81,54.9,53.63,54.07,54.07,3442159
2024-10-10,54.28,55.45,54.185,54.71,54.71,3561582
2024-10-09,55,55.28,53.72,54.03,54.03,3568310
2024-10-08,55.68,56.36,54.675,55.39,55.39,4079355
2024-10-07,53.97,58.16,53.85,57.72,57.72,5437847
2024-10-04,53.89,54.7529,52.72,53,53,4292721
2024-10-03,53.9,55.4,53.01,55.09,55.09,4488266
2024-10-02,53.5302,55.12,52.39,52.71,52.71,4441547
2024-10-01,49.5,54.06,49.5,53.43,53.43,11330766
2024-09-30,50.955,52.17,49.53,49.6,49.6,3843865
2024-09-27,48.4,50.768,48.34,50.73,50.73,3286524
2024-09-26,48.15,48.95,48,48.48,48.48,2758277
2024-09-25,48.03,48.59,47.44,48.41,48.41,2901565
2024-09-24,47.45,49.3575,47.145,47.76,47.76,2841264
2024-09-23,47.06,48.15,46.63,47.73,47.73,3110051
2024-09-20,48.06,48.25,46.93,47.43,47.43,3999247
2024-09-19,47.97,48.73,47.35,47.72,47.72,4122401
2024-09-18,50.1,50.9312,47.56,49.88,49.88,7650426
2024-09-17,49.15,51.07,48.7,50.3,50.3,4633502
2024-09-16,49.07,50.45,48.96,49.24,49.24,4137897
2024-09-13,49.2,49.37,47.71,48.79,48.79,4374728
2024-09-12,49.85,51.02,48.88,48.94,48.94,4299332
2024-09-11,50.77,55.705,49.29,49.33,49.33,7399757
2024-09-10,51.95,54.91,51.4,51.52,51.52,5116697
2024-09-09,54.98,55.55,51.945,52.45,52.45,6143031
2024-09-06,51.34,58.58,50.7,56.11,56.11,9679951
2024-09-05,53.99,54.64,51.4,52.24,52.24,7605084
2024-09-04,55.03,56.21,51.24,54.97,54.97,8746039
2024-09-03,45.62,55.2,45.52,53.54,53.54,10683512
2024-08-30,45.04,46,44.36,44.5,44.5,4818121
2024-08-29,46.02,46.58,45.1575,45.885,45.885,5392007
2024-08-28,45.05,48.2399,44.91,47.58,47.58,5543998
2024-08-27,46.53,46.92,44.945,44.99,44.99,2718312
2024-08-26,45.66,47.05,45.57,45.9,45.9,3060615
2024-08-23,47.55,48.14,45.73,45.94,45.94,6822945
2024-08-22,46.35,49.16,46.19,48.865,48.865,5196910
2024-08-21,46.07,48.01,45.99,46.89,46.89,5104947
2024-08-20,44.74,46.4393,44.52,46.17,46.17,6027932
2024-08-19,45.29,45.45,44.03,44.43,44.43,5124229
2024-08-16,46.12,46.45,45,45.23,45.23,4001762
2024-08-15,45.83,46.56,44.66,45.335,45.335,6014297
2024-08-14,49.48,49.9,47.06,47.14,47.14,5644615
2024-08-13,53.34,53.5,50.33,50.42,50.42,5265774
2024-08-12,54.725,56.17,51.22,54.76,54.76,6186453
2024-08-09,62.73,64.05,54.51,55.78,55.78,8224421
2024-08-08,67.74,67.74,62.61,63.47,63.47,6181786
2024-08-07,61.43,71.8,60.38,68.955,68.955,12113256
2024-08-06,77.48,80.42,62,70.47,70.47,17972832
2024-08-05,90.08,91.02,72.37,87.26,87.26,34747553
2024-08-02,54.46,64.45,53.82,62.68,62.68,34052000
2024-08-01,46.11,52.13,45.83,50.51,50.51,10034730
2024-07-31,46.117,46.54,44.62,46.25,46.25,6750755
2024-07-30,45.76,49.14,45.65,47.37,47.37,7642164
2024-07-29,46.37,47.25,45.68,45.91,45.91,5320102
2024-07-26,48.05,48.46,46.72,46.78,46.78,8958514
2024-07-25,48.5677,51.04,46.61,49.59,49.59,17223439
2024-07-24,44.7,49.67,44.67,49.19,49.19,15192014
2024-07-23,43.68,43.8804,42.68,43.32,43.32,3291530.5
2024-07-22,45.24,45.42,43.38,43.68,43.68,4132675.5
2024-07-19,44.96,46.68,44.36,46.12,46.12,6748272.5
2024-07-18,42,44.8892,41.7604,44.24,44.24,5880610.75
2024-07-17,42.64,43.54,42.08,43,43,6436195
2024-07-16,41.16,41.64,40.96,41.64,41.64,2382198.25
2024-07-15,40.32,41.4,40.12,41.24,41.24,2597364
2024-07-12,40.7,40.72,39.98,40.64,40.64,2987977.75
2024-07-11,40.64,41.86,40.5752,41.36,41.36,4569934.5
2024-07-10,41.24,41.28,40.56,41.12,41.12,2107588.5
2024-07-09,41.04,41.46,40.88,41.2,41.2,1292436.5
2024-07-08,41.36,41.4,40.84,41.08,41.08,1716014.5
2024-07-05,41.52,42.16,41.46,41.84,41.84,1744158.75
2024-07-03,41.4,41.8048,41.28,41.68,41.68,1128495.75
2024-07-02,42.2,42.24,41.36,41.48,41.48,1265969.5
2024-07-01,43.24,43.44,41.96,41.96,41.96,2351460.5
2024-06-28,43.16,43.8,42.88,43.68,43.68,2017420.5
2024-06-27,43.52,43.6,43.12,43.24,43.24,1770747.75
2024-06-26,44.04,44.24,43.4,43.52,43.52,1854092
2024-06-25,44.76,45.08,43.8,44,44,1825415.5
2024-06-24,45.44,45.52,44.32,44.8,44.8,2741842.5
2024-06-21,46.32,46.84,44.76,45.16,45.16,2864313.25
2024-06-20,44.44,46.32,44.38,46.2,46.2,3247557.25
2024-06-18,44.16,44.96,44.02,44.52,44.52,2059120.5
2024-06-17,44.92,45.48,44.1628,44.76,44.76,3703449.25
2024-06-14,44.6,45.76,44.24,44.84,44.84,3800085.75
2024-06-13,43.44,44.7,43.26,43.44,43.44,2641768.5
2024-06-12,43.48,43.96,43.22,43.56,43.56,3319901
2024-06-11,45,45.6,44.28,44.44,44.44,2292371.75
2024-06-10,45.16,45.4,44.28,44.4,44.4,1980018.75
2024-06-07,44.92,45.1,44.12,44.52,44.52,3279203.75
2024-06-06,45,45.48,44.76,45,45,2207280
2024-06-05,45.48,46.48,45.04,45.24,45.24,2406284.5
2024-06-04,46.6,47.38,45.84,46.08,46.08,4044362.5
2024-06-03,45.64,47.6,45.44,45.84,45.84,3611197.75
2024-05-31,46.88,48.84,46,46.12,46.12,4577677.25
2024-05-30,47.76,48.48,46.68,47.56,47.56,3190412.25
2024-05-29,48,48.1604,46.92,47.72,47.72,3462011.75
2024-05-28,44.84,46.76,44.76,45.96,45.96,3940679.75
2024-05-24,46.12,46.16,44.76,45,45,2897783.25
2024-05-23,44.8,46.92,44.56,46.36,46.36,5584001.25
2024-05-22,44.92,46.2,44.48,45.72,45.72,4482136
2024-05-21,45.5756,45.68,44.64,44.76,44.76,2097630.5
2024-05-20,45.48,45.84,45,45.52,45.52,2238792.75
2024-05-17,46,46.2,45.36,45.44,45.44,2322646
2024-05-16,46.08,46.54,45.92,46.04,46.04,2733529.25
2024-05-15,47,47.44,46.08,46.08,46.08,2222444
2024-05-14,48.76,49.08,47.76,47.96,47.96,1726730.25
2024-05-13,48.16,49.04,48.04,48.76,48.76,2416204
2024-05-10,48.88,49.04,48.16,48.24,48.24,2155188
2024-05-09,49.12,49.64,48.84,48.92,48.92,2890834.5
2024-05-08,49.64,49.72,49.0588,49.12,49.12,1889966.5
2024-05-07,49.56,50.04,49.5,49.64,49.64,2569781.25
2024-05-06,50.36,50.44,49.64,49.64,49.64,2138512
2024-05-03,51.08,52.12,50.88,51.16,51.16,3770360.5
2024-05-02,53.6,55.08,52.72,52.96,52.96,2399368.5
2024-05-01,55,55.44,52.32,54.76,54.76,4846659.5
2024-04-30,53,54.56,52.36,54.44,54.44,2786878
2024-04-29,53.16,53.96,52.44,52.8,52.8,2189917.75
2024-04-26,53.96,54.44,53.44,53.72,53.72,2951251.25
2024-04-25,57.36,58.2,55.18,55.52,55.52,5529273.5
2024-04-24,54.56,55.84,54.2,54.28,54.28,4047546.5
2024-04-23,55.88,56.16,54.52,54.84,54.84,3242027.5
2024-04-22,59.48,59.56,56.332,57.08,57.08,4063590
2024-04-19,60.12,62.82,59.28,61.84,61.84,6290986.75
2024-04-18,58.92,61.08,58.24,59.88,59.88,4777351.25
2024-04-17,60,62.4,58.78,59.72,59.72,5622926.25
2024-04-16,61.96,62.6,59.24,60.32,60.32,8245221
2024-04-15,57.4,62.72,56.72,62.44,62.44,9149899.75
2024-04-12,56.8,61.94,56.8,59.16,59.16,12628468
2024-04-11,55.6,57.76,54.12,54.36,54.36,4807532
2024-04-10,55.76,57.56,55.16,55.44,55.44,9044241.5
2024-04-09,54.56,56.84,54.12,54.4,54.4,5616624.75
2024-04-08,56,56.48,54.36,54.8,54.8,4333389.5
2024-04-05,56.72,57.72,55.12,57.04,57.04,8183538.5
2024-04-04,52.64,57.64,52.12,55.98,55.98,9011835.75
2024-04-03,54.64,54.92,52.88,53.44,53.44,3775791
2024-04-02,54.36,55.8,53.8,53.8,53.8,5405709.5
2024-04-01,51.96,53.32,51.7,52.56,52.56,2865444.75
2024-03-28,51.2,52.04,50.92,51.88,51.88,2704345.25
2024-03-27,51.36,52.28,51.04,51.08,51.08,2454372.5
2024-03-26,51.76,52.04,51.16,52.04,52.04,2631591.25
2024-03-25,52.56,52.6,51.7,52.32,52.32,1645856.5
2024-03-22,52.52,52.8,51.68,52.52,52.52,2363696.5
2024-03-21,52.04,53,51.8,52.28,52.28,3155681
2024-03-20,54,54.2,52.5,52.76,52.76,4367822
2024-03-19,55.56,55.84,53.84,53.88,53.88,2943631.75
2024-03-18,55.88,55.9432,54.96,55.44,55.44,3045651.75
2024-03-15,56.4892,58.84,55.9,56.76,56.76,5613403.5
2024-03-14,53.88,57.8,53.56,55.64,55.64,7349643
2024-03-13,54.28,54.76,53.92,54.24,54.24,1880947.75
2024-03-12,55.92,56.68,54.34,54.52,54.52,3712529
2024-03-11,58.44,59.4452,56.78,57.32,57.32,2853645
2024-03-08,55.64,59.84,55.28,57.92,57.92,5088776.75
2024-03-07,55.52,57.16,55.44,56.44,56.44,2594468.75
2024-03-06,55.2,57.2,54.88,56.72,56.72,3620074.25
2024-03-05,54.8,58.18,54.7204,56.52,56.52,5452626.25
2024-03-04,54.16,54.6,53.96,54.28,54.28,1411754
2024-03-01,53.72,54.72,53.4,54.4,54.4,2654937.25
2024-02-29,54,55.48,53.96,54.24,54.24,2811154.5
2024-02-28,54.48,55.44,54.36,55,55,1864957.5
2024-02-27,54.48,54.76,54.016,54.12,54.12,1821719.25
2024-02-26,55.24,55.44,54.86,55.16,55.16,1720118.75
2024-02-23,56.876,57.28,55.64,55.72,55.72,2614667.5
2024-02-22,56.72,57.96,55.96,57.84,57.84,3068336.25
2024-02-21,59.7856,60.36,58.8,58.96,58.96,3775096.25
2024-02-20,58.48,60.96,58.2,59.48,59.48,4758036.25
2024-02-16,58.04,58.5,56.48,57.6,57.6,3162370
2024-02-15,57.6,58.86,57.22,57.68,57.68,3149385.75
2024-02-14,59,60.24,57.84,58.28,58.28,5570914.5
2024-02-13,59.16,65.24,58.64,61.32,61.32,7684854
2024-02-12,55.72,57.86,55.56,57.28,57.28,3088586
2024-02-09,55.44,56.28,55,56.08,56.08,1980340.75
2024-02-08,55.84,56.68,55.48,55.68,55.68,1803580.5
2024-02-07,55.68,56.48,55.6,56,56,2277708.75
2024-02-06,57.08,57.7572,56.12,56.2,56.2,2097598.75
2024-02-05,59.44,60.68,57.44,57.6,57.6,2795114.75
2024-02-02,59.76,60.44,58.86,59.96,59.96,2486263.75
2024-02-01,59.8,61.16,58.8,60.04,60.04,2881428.25
2024-01-31,57.72,61,57.56,60.52,60.52,5029555.25
2024-01-30,58.16,58.28,57.44,57.6,57.6,1854812
2024-01-29,58.16,59.216,57.96,58.36,58.36,2120953.5
2024-01-26,58.44,58.76,57.36,58.12,58.12,2106672.75
2024-01-25,57.68,58.68,57.36,58.44,58.44,2132107
2024-01-24,55.88,57.84,55.722,57.8,57.8,2860972.25
2024-01-23,57.24,57.4,56.28,56.32,56.32,1944683.75
2024-01-22,59.24,59.68,57.8,58,58,2473428.75
2024-01-19,60.32,60.7272,59.52,60,60,2722478.25
2024-01-18,62.16,63.6,61.28,61.56,61.56,2631123
2024-01-17,63.28,65.2,62.2,63.76,63.76,3771397.75
2024-01-16,60.8,62.68,60.04,61.44,61.44,3302598.25
2024-01-12,58.2,59.6,58.132,59.36,59.36,2455272.25
2024-01-11,57.88,60.56,57.72,58.4,58.4,3160666.5
2024-01-10,58.96,59.2,58.4,58.72,58.72,2050695.75
2024-01-09,61.32,61.44,59.2,59.36,59.36,1744884.75
2024-01-08,62.16,62.44,60,60.76,60.76,2247208.75
2024-01-05,63.72,63.8,61.6,62.2,62.2,3274178
2024-01-04,64.48,64.68,63.08,64.32,64.32,1841530.25
2024-01-03,63.26,65.4,62.32,64.4,64.4,3911765.5
2024-01-02,63.8,64.84,61.72,62.08,62.08,2972661.5
2023-12-29,61.96,63.6,61.52,62.08,62.08,2554112.25
2023-12-28,61.84,62.8,61.64,61.92,61.92,1554966.75
2023-12-27,64.24,64.24,62,62.08,62.08,1864561.5
2023-12-26,66.28,66.72,64.64,64.88,64.88,1090490.75
2023-12-22,67.88,69.32,66.44,66.44,66.44,2251371.25
2023-12-21,68.7328,70.3,67.52,68.24,68.24,2902076
2023-12-20,65.4,70.52,65,69.68,69.68,4580760.75
2023-12-19,65.2,65.84,64.8,65.68,65.68,1358437.75
2023-12-18,64.48,64.96,64.28,64.72,64.72,1500219.75
2023-12-15,62.84,64.8,62.44,64.56,64.56,2741844.75
2023-12-14,62.08,64.36,62.08,62.48,62.48,3836818.75
2023-12-13,63.2,64.2,62.45,62.84,62.84,3038443.5
2023-12-12,64.56,64.96,63.18,63.6,63.6,2386693.75
2023-12-11,66.76,66.96,65.34,65.48,65.48,1878210
2023-12-08,68.4,68.48,66.88,67,67,1759400.75
2023-12-07,68.64,69.38,68.48,69,69,1176946.5
2023-12-06,67.92,69.4,67.52,68.96,68.96,1591526.5
2023-12-05,69.4,69.56,68.52,68.64,68.64,1492032.5
2023-12-04,70.08,71.28,69,69.12,69.12,1879387.25
2023-12-01,68.8,69.16,68,68.92,68.92,2256025.5
2023-11-30,69.84,70.76,69,69.16,69.16,1757677.25
2023-11-29,68.56,70.56,68.48,70.24,70.24,1959372
2023-11-28,69.8,70.476,68.8,69.24,69.24,1716306.25
2023-11-27,70.32,70.36,69.72,70.16,70.16,1394408
2023-11-24,72.04,72.56,69.36,69.68,69.68,1165980.25
2023-11-22,71.32,73.52,71.08,72.8,72.8,1743744.75
2023-11-21,73.96,74.04,71.96,72.24,72.24,2196927.25
2023-11-20,73.8,73.96,72.9,73.68,73.68,1457477.5
2023-11-17,75.04,75.72,74,74.24,74.24,1636638.5
2023-11-16,76.48,76.96,75.28,75.4,75.4,2327983.75
2023-11-15,77,77.5644,76.2888,76.6,76.6,2266449
2023-11-14,76.04,78.42,75.8312,78.24,78.24,2388057
2023-11-13,80.28,80.72,78.04,78.84,78.84,1659399.75
2023-11-10,81.6,81.7604,78.98,79.72,79.72,2659951.75
2023-11-09,79.12,83.88,78.94,83.08,83.08,2764964
2023-11-08,80.56,82.48,79.64,80,80,2077512.75
2023-11-07,81.76,82.6,80.96,81.52,81.52,1344697.75
2023-11-06,83.68,84.342,81.8,81.92,81.92,2273605.5
2023-11-03,85.3,85.88,84.16,84.72,84.72,2668512
2023-11-02,87.8,89.28,86.68,86.76,86.76,2519468.25
2023-11-01,93.12,93.12,89.36,89.84,89.84,3451275.25
2023-10-31,99.84,100.68,93.68,93.8,93.8,2727736.5
2023-10-30,104.16,104.396,100.08,100.24,100.24,2150164
2023-10-27,102.84,108.88,101.44,108.32,108.32,3631091.5
2023-10-26,104.16,107.92,102.32,104.84,104.84,3716556.25
2023-10-25,98.04,106.28,98.04,103.92,103.92,3776866
2023-10-24,99.68,102.24,97.18,97.56,97.56,2746398.75
2023-10-23,107.76,109.42,98.76,102.2,102.2,2948718.25
2023-10-20,105.32,107.72,102.76,105.84,105.84,4048448.75
2023-10-19,98.68,105.588,97.2,105.2,105.2,5093810
2023-10-18,96.36,101.48,95.64,100.24,100.24,3701960.25
2023-10-17,95.04,96.08,90.2,94.2,94.2,3284965.25
2023-10-16,97.48,97.8,91.4,91.64,91.64,3386528.75
2023-10-13,90.2,103.64,89.6,101.28,101.28,5694220.5
2023-10-12,87.52,94.08,85.72,90.4,90.4,3407977.5
2023-10-11,89,93.24,88.0004,88.48,88.48,2246545
2023-10-10,92.32,92.36,88.96,90.12,90.12,2126901.25
2023-10-09,97.72,99.08,93.12,93.24,93.24,2010531
2023-10-06,98.84,101.14,92.6,94.56,94.56,3140863.25
2023-10-05,96.96,101.48,95.72,95.76,95.76,2716773.25
2023-10-04,100.6,101.98,96.72,97.12,97.12,3565115.75
2023-10-03,96.04,103.84,94.538,102.24,102.24,3806448.25
2023-10-02,93.76,95.56,91,93.44,93.44,2863853.5
2023-09-29,88.04,93.44,87.48,93.28,93.28,2886414.75
2023-09-28,95.96,97.08,90.7028,91.48,91.48,2878812.75
2023-09-27,97.24,101.76,95.84,95.88,95.88,3659430.5
2023-09-26,93.68,100.64,92.58,100.16,100.16,4081873.5
2023-09-25,94.12,95.1196,91.04,91.6,91.6,2611841
2023-09-22,90.88,91.96,88.2,91.48,91.48,2970735.75
2023-09-21,88.64,91.52,86.8,91.24,91.24,4277384
2023-09-20,80.32,84.96,79.74,84.72,84.72,3320765.75
2023-09-19,82.12,84.12,81.16,81.64,81.64,2837281.25
2023-09-18,83.76,84.36,80.84,82.04,82.04,2050032
2023-09-15,80.1496,83,79.08,82.72,82.72,3201734.25
2023-09-14,80.96,81.2116,79.52,79.64,79.64,2758433.5
2023-09-13,83.04,83.272,81.56,82.04,82.04,2488749.5
2023-09-12,84,84.4,82.2,83.72,83.72,2016377
2023-09-11,83.64,84.84,82.76,83.12,83.12,1804696.75
2023-09-08,86.56,86.6,83.84,85.12,85.12,2316199.25
2023-09-07,89.84,90.76,86.36,86.84,86.84,2012338
2023-09-06,85.68,88.92,85.4,86.96,86.96,1950241.5
2023-09-05,85.2,86.56,84.1,85.4,85.4,1703939.75
2023-09-01,84.68,85.6808,83.98,84.84,84.84,2443979
2023-08-31,87.6,87.872,85.56,86,86,2115565.25
2023-08-30,89.68,90.48,87.44,87.96,87.96,2170970.75
2023-08-29,92.76,92.92,89.84,90.68,90.68,2867210.25
2023-08-28,94.92,95.3604,92.88,93,93,2140937.75
2023-08-25,99.96,102.4,95.84,96.8,96.8,3419252.5
2023-08-24,95.88,101.588,95.38,101.2,101.2,2683139.5
2023-08-23,99.48,99.64,96.92,97.22,97.22,1986999
2023-08-22,98.16,102.36,98.04,100.56,100.56,2590020
2023-08-21,101.8,103.64,99.68,100.12,100.12,3258551
2023-08-18,108.84,109.32,101.965,102.84,102.84,3457533.25
2023-08-17,99.6,105.56,98.76,105.52,105.52,3620041.5
2023-08-16,99.16,100.92,96.2,100.68,100.68,3622938.75
2023-08-15,95.44,100.08,95.12,99.08,99.08,3892594.5
2023-08-14,96.88,98.36,93.44,93.68,93.68,2429849.5
2023-08-11,101.04,101.68,95.04,95.32,95.32,2667547.5
2023-08-10,95.68,102.16,93.44,99.2,99.2,4063074.25
2023-08-09,98.8,103,96.64,98.76,98.76,3374452
2023-08-08,102.096,108.84,99.52,99.64,99.64,4046284
2023-08-07,101.04,101.92,97.688,97.92,97.92,2513657.5
2023-08-04,96.24,104.02,94.48,103.32,103.32,3833016.75
2023-08-03,103.6,105.238,98.32,99.76,99.76,3501025.75
2023-08-02,97.56,102.6,97.2,100.08,100.08,4544034
2023-08-01,92.88,93.72,91.68,91.8,91.8,1639573.5
2023-07-31,91.12,92.38,90.36,90.4,90.4,1668837.25
2023-07-28,91.68,94.08,90.5484,91.6,91.6,2237365
2023-07-27,89,97.24,88.8,95.2,95.2,4229171
2023-07-26,94.28,94.28,90.44,90.68,90.68,2365201.5
2023-07-25,93.12,93.59,91.2804,93.16,93.16,1778971.75
2023-07-24,94.72,94.72,92.3628,93.2,93.2,2048070
2023-07-21,94.8,95.44,93.04,94.8,94.8,2329985
2023-07-20,96.6,97.66,94.72,95.96,95.96,2121948.25
2023-07-19,93.16,96.64,92.92,95.6,95.6,1996334
2023-07-18,95.32,95.6,93.5576,93.92,93.92,1482501.5
2023-07-17,96,96.12,93.726,95.48,95.48,1387115
2023-07-14,96.88,98.16,95.04,95.68,95.68,1863597.5
2023-07-13,94.52,97.02,93.76,96.84,96.84,1834195.75
2023-07-12,98.52,98.68,96.04,96.28,96.28,2614545.5
2023-07-11,100.84,103.603,100.24,101.88,101.88,2007307.25
2023-07-10,103.76,105.08,102.42,102.64,102.64,1709993.25
2023-07-07,107.16,107.44,102,103.32,103.32,2047603.75
2023-07-06,105.04,115.6,105.04,106.04,106.04,3924143.5
2023-07-05,101.04,101.04,99.34,100.28,100.28,1486876.75
2023-07-03,99.64,100.4,98.84,98.96,98.96,714240
2023-06-30,99.92,100.76,98.68,100,100,1521176.75
2023-06-29,99.8,101.98,99.64,101.48,101.48,1864695.75
2023-06-28,102.24,102.4,99.24,99.32,99.32,1618076.25
2023-06-27,104.8,104.84,100.94,103.08,103.08,1668685.5
2023-06-26,106.04,106.2,103.44,105.72,105.72,1468207.25
2023-06-23,107.12,108.44,104.4,105.92,105.92,1924984.25
2023-06-22,108.32,108.52,103.84,104.6,104.6,1463935.75
2023-06-21,108.16,109.1,106.74,107.16,107.16,1898481.75
2023-06-20,110.08,112.02,109.32,109.4,109.4,1611394.5
2023-06-16,113.36,113.88,109.12,109.2,109.2,1889110.75
2023-06-15,109.28,113.32,109.12,113.2,113.2,1504015.75
2023-06-14,113.24,113.56,110.08,110.28,110.28,2511796.25
2023-06-13,112.4,114.28,111.76,113.68,113.68,1439676
2023-06-12,113.88,115.6,113.2,113.96,113.96,1256587.5
2023-06-09,112.52,114.96,111.889,113.44,113.44,1793305.5
2023-06-08,116,116.52,111.56,112.84,112.84,1695488.5
2023-06-07,115.8,117.56,114.92,115.64,115.64,1881273.5
2023-06-06,121.76,122.12,114.84,115.12,115.12,1725923.75
2023-06-05,124.88,125.36,122.12,122.44,122.44,1381757.5
2023-06-02,126.72,127.6,123.4,124.72,124.72,2313333.75
2023-06-01,135.68,136.323,129.72,129.96,129.96,2119585.5
2023-05-31,139.76,141.92,136.52,137.84,137.84,1529935.5
2023-05-30,137.48,143.44,136.4,138.92,138.92,1762456
2023-05-26,144.92,145.2,138.86,142.6,142.6,1695523.5
2023-05-25,147.64,151.08,146.72,148.28,148.28,1257012.25
2023-05-24,149.76,153.338,149.44,151.84,151.84,2024581.75
2023-05-23,145.2,148.2,141.68,145.96,145.96,1313375
2023-05-22,143.4,146.56,140.92,143.24,143.24,1387233.5
2023-05-19,138.52,146.32,137.68,143.08,143.08,2265390.5
2023-05-18,144.92,145.48,139.52,139.6,139.6,1604774.75
2023-05-17,146.6,148.6,144.64,145.44,145.44,1909561.25
2023-05-16,147.32,150.52,146.04,150.44,150.44,1545067.25
2023-05-15,148.56,150.56,146,146,146,1244246.25
2023-05-12,148.16,153.72,147.32,150.04,150.04,1894450.25
2023-05-11,153.16,156.8,149.4,149.88,149.88,1563801.75
2023-05-10,151,158.16,149.2,151.36,151.36,1828289.75
2023-05-09,155.08,156.68,153.88,156.12,156.12,1269934.5
2023-05-08,154.16,156.36,152.24,152.44,152.44,1104509
2023-05-05,161.2,161.96,154.16,155,155,1817077.5
2023-05-04,163.84,172.84,162.24,168.24,168.24,2402124.5
2023-05-03,157,160.76,152.28,160.4,160.4,3150771.75
2023-05-02,151.52,165.96,151.52,155.56,155.56,3437571.75
2023-05-01,150.18,150.48,145.44,148.96,148.96,1707556.25
2023-04-28,156.88,156.88,151.24,151.44,151.44,2638913
2023-04-27,159.48,159.6,155.68,157.72,157.72,1793306.25
2023-04-26,166.6,168.2,160.24,164.88,164.88,1275835.5
2023-04-25,158.4,170.28,157.08,169.16,169.16,2160893
2023-04-24,157.2,159.12,155.92,155.96,155.96,1223498.5
2023-04-21,158.64,161.56,156.32,156.8,156.8,1093463.25
2023-04-20,159.8,161.2,155.84,159.8,159.8,1286680
2023-04-19,157.96,158.6,154.64,156.36,156.36,1205372.5
2023-04-18,157.32,159.48,155.48,156.96,156.96,1144742
2023-04-17,162,162,157.12,158,158,949835.75
2023-04-14,166.32,167.48,162.44,162.44,162.44,1235552.25
2023-04-13,168.48,168.56,164.6,165.36,165.36,1292373
2023-04-12,167.2,172.84,166.48,171.6,171.6,990027
2023-04-11,170.52,171.64,168.1,170.56,170.56,803084.5
2023-04-10,174.8,176.84,171.24,172.24,172.24,767806
2023-04-06,178.56,180.16,172.36,173.92,173.92,1536657
2023-04-05,179.76,183.04,176.56,177.04,177.04,1499306.25
2023-04-04,176.68,183.64,175.88,178.68,178.68,1608622.75
2023-04-03,179.6,182.963,175,175.64,175.64,1074706
2023-03-31,179.56,180.6,177,179.64,179.64,644395.5
2023-03-30,179.32,186.64,178.84,180.44,180.44,644602.25
2023-03-29,182.16,183.8,179.36,180.44,180.44,689812.75
2023-03-28,190.76,193.16,186.32,186.56,186.56,759042
2023-03-27,194.6,197.88,190.28,191.88,191.88,849015.25
2023-03-24,213.04,221.96,198.76,198.96,198.96,1565801
2023-03-23,195.72,210.76,188.56,207.56,207.56,2251596
2023-03-22,193.88,202.2,187.2,202.16,202.16,3078848
2023-03-21,202.96,203.08,193.6,193.84,193.84,1974544
2023-03-20,224.04,227.24,212.08,212.4,212.4,1749471.75
2023-03-17,208,227.04,204.6,223.84,223.84,2437222.5
2023-03-16,228.72,230,201.16,201.84,201.84,1907161
2023-03-15,223.92,241.52,216.686,219.84,219.84,1948525.25
2023-03-14,202.76,212.92,194.04,206.64,206.64,1951500.5
2023-03-13,236.76,238.6,213.32,218.16,218.16,2347580.75
2023-03-10,190.8,230.8,190.8,211.72,211.72,4262768.25
2023-03-09,170.88,191.88,169.56,190.04,190.04,1001402.25
2023-03-08,176.44,177,171.48,172.2,172.2,624794.75
2023-03-07,171.6,176.64,168.96,175.08,175.08,733440
2023-03-06,172.64,173.76,170.88,171.36,171.36,537032.6875
2023-03-03,177.6,178.72,173.68,174.4,174.4,679511.625
2023-03-02,189.76,190.08,179.52,179.52,179.52,572635.9375
2023-03-01,185.76,190.72,182.88,186.4,186.4,594788.3125
2023-02-28,188.48,188.64,182.72,184.64,184.64,427159
2023-02-27,191.2,191.2,186.72,188.48,188.48,566511.625
2023-02-24,195.52,200.96,194.4,196,196,797930.8125
2023-02-23,191.36,197.6,187.52,188.64,188.64,711404.3125
2023-02-22,202.08,204.32,194.256,195.52,195.52,755941.75
2023-02-21,195.84,202.88,193.28,201.28,201.28,807091.3125
2023-02-17,189.92,194.24,186.4,186.72,186.72,729821.375
2023-02-16,182.24,186.88,178.24,186.88,186.88,865689.1875
2023-02-15,181.28,181.762,176.96,177.12,177.12,433090.875
2023-02-14,184.8,187.44,178.4,180.8,180.8,638954.6875
2023-02-13,191.84,192.64,186.88,187.04,187.04,447537.875
2023-02-10,195.856,199.778,192.962,194.72,194.72,658132.5
2023-02-09,183.2,193.28,181.6,192.48,192.48,588406.5625
2023-02-08,181.92,190,179.2,186.56,186.56,593589.125
2023-02-07,187.04,187.36,178.24,179.84,179.84,543391.0625
2023-02-06,183.52,186.4,181.76,185.6,185.6,380159.75
2023-02-03,184.64,187.456,179.075,181.12,181.12,717473.5625
2023-02-02,171.52,184.48,170.24,179.36,179.36,791448.6875
2023-02-01,180.64,185.28,173.6,175.68,175.68,659332.4375
2023-01-31,185.44,186.72,179.68,181.12,181.12,426715.25
2023-01-30,185.12,188.72,183.68,185.28,185.28,575811.5625
2023-01-27,184,184,176.96,180.8,180.8,591397
2023-01-26,183.84,187.68,182.4,183.2,183.2,501666.25
2023-01-25,191.84,197.52,185.12,186.08,186.08,723760.375
2023-01-24,194.24,194.72,184.96,185.76,185.76,531818.625
2023-01-23,194.72,196.08,192.16,193.28,193.28,438329.8125
2023-01-20,200.16,202.4,193.76,194.72,194.72,523873.375
2023-01-19,206.08,208.64,198.96,201.92,201.92,660900.1875
2023-01-18,192,202.24,190.736,200.8,200.8,713141.875
2023-01-17,195.36,197.12,192.16,193.92,193.92,428390.3125
2023-01-13,198.72,198.72,190.56,192.32,192.32,598890.125
2023-01-12,203.52,206.4,196.96,197.28,197.28,668472.5625
2023-01-11,205.12,208.64,204.96,207.52,207.52,407624.1875
2023-01-10,216.72,216.8,205.92,206.56,206.56,371200.3125
2023-01-09,213.12,217.76,211.2,215.52,215.52,384796.3125
2023-01-06,215.36,218.08,211.12,214.4,214.4,445199.8125
2023-01-05,220,223.04,218.4,219.52,219.52,384188.125
2023-01-04,222.08,224,217.28,217.76,217.76,340729
2023-01-03,224,232,222.4,223.84,223.84,378475.875
2022-12-30,228.8,231.04,225.6,225.92,225.92,408955.25
2022-12-29,225.6,226.72,223.2,226.08,226.08,234294.0625
2022-12-28,227.36,230.32,223.28,228.96,228.96,337040.4375
2022-12-27,229.76,234.24,228,229.44,229.44,313997.8125
2022-12-23,236,237.76,227.84,229.6,229.6,390066.4375
2022-12-22,225.28,246.72,224.48,236,236,705342.5625
2022-12-21,227.52,228.16,222.56,223.84,223.84,339658.3125
2022-12-20,235.2,239.04,229.76,232.64,232.64,307832.6875
2022-12-19,239.04,239.28,230.4,234.4,234.4,516010.125
2022-12-16,244.64,247.68,237.12,240.16,240.16,493118.6875
2022-12-15,229.6,244.56,227.84,239.36,239.36,674703.5
2022-12-14,232.8,235.52,223.92,225.28,225.28,494887.75
2022-12-13,229.76,242.08,228.96,233.28,233.28,477154.5
2022-12-12,244.32,246.24,240.88,243.36,243.36,365189.1875
2022-12-09,240.96,245.6,238.88,244.8,244.8,296653
2022-12-08,244.32,246.896,237.76,239.68,239.68,292493
2022-12-07,242.88,246.64,240.48,244.64,244.64,507763.5
2022-12-06,233.44,243.12,230.72,241.12,241.12,503803.125
2022-12-05,233.12,238.88,229.352,234.08,234.08,430906.5
2022-12-02,239.04,239.52,229.44,230.08,230.08,496075.125
2022-12-01,238.08,242.96,233.92,234.24,234.24,373503.4375
2022-11-30,248,252.32,236.64,238.72,238.72,493078.875
2022-11-29,250.4,253.238,246.72,247.84,247.84,232403
2022-11-28,247.52,253.6,244.48,251.52,251.52,330212.875
2022-11-25,243.04,244.48,241.12,242.56,242.56,117389.9375
2022-11-23,247.36,248.24,240.96,241.28,241.28,304835.8125
2022-11-22,253.28,253.28,246.24,246.72,246.72,226551.6875
2022-11-21,263.04,263.6,254.88,255.52,255.52,215744.1875
2022-11-18,263.2,268.32,262.16,262.56,262.56,315906.8125
2022-11-17,274.24,274.72,264.64,265.28,265.28,262658.1875
2022-11-16,271.52,273.28,267.2,267.84,267.84,248593.125
2022-11-15,265.28,283.04,264.811,275.2,275.2,553162
2022-11-14,272,272.8,264.48,271.68,271.68,255582.875
2022-11-11,277.28,279.52,271.2,271.68,271.68,280890
2022-11-10,274.88,277.421,268.8,275.36,275.36,423844.75
2022-11-09,283.2,293.28,282.72,291.36,291.36,273202.5
2022-11-08,272.32,285.28,271.84,282.56,282.56,349383.5625
2022-11-07,276,278.72,271.68,274.56,274.56,187033.75
2022-11-04,274.88,283.52,269.36,277.6,277.6,329251.8125
2022-11-03,290.56,294.16,278.72,281.12,281.12,179450.75
2022-11-02,281.76,288.48,276.96,287.04,287.04,234505.875
2022-11-01,279.84,284.16,279.038,279.84,279.84,154883.3125
2022-10-31,289.12,289.12,281.92,282.56,282.56,130467.125
2022-10-28,293.92,294.08,284.48,286.88,286.88,238621.25
2022-10-27,298.24,299.52,292.16,293.76,293.76,152053.9375
2022-10-26,308.96,309.28,298.229,299.68,299.68,181858.6875
2022-10-25,319.36,320.32,305.92,306.72,306.72,156607.3125
2022-10-24,320.48,328.96,318.08,319.04,319.04,116448
2022-10-21,323.68,325.28,317.28,324,324,170257.25
2022-10-20,327.68,330.24,318.72,325.28,325.28,162744.3125
2022-10-19,329.28,334.8,324.8,329.6,329.6,197430.75
2022-10-18,326.88,335.522,325.44,327.04,327.04,191802.3125
2022-10-17,332.96,334.56,326.4,333.44,333.44,214603.1875
2022-10-14,328.96,348.958,326.88,343.2,343.2,303662.5625
2022-10-13,351.84,351.84,332.16,335.68,335.68,318383.5625
2022-10-12,346.24,349.36,341.12,344.64,344.64,197713.25
2022-10-11,345.44,352.96,337.12,348.16,348.16,169617.3125
2022-10-10,336.96,351.187,336.32,342.88,342.88,146526.875
2022-10-07,325.6,337.36,324.8,334.56,334.56,195085.25
2022-10-06,310.88,323.04,308.32,321.44,321.44,107972.0625
2022-10-05,315.84,322.4,310.08,312.32,312.32,154018
2022-10-04,309.76,314.4,306.88,310.24,310.24,220857.5
2022-10-03,327.68,330.56,316.24,322.4,322.4,230588.125
2022-09-30,331.2,339.36,320.32,339.36,339.36,189335.0625
2022-09-29,329.6,344,329.278,329.92,329.92,295186
2022-09-28,332.8,337.92,317.12,321.12,321.12,263471.9375
2022-09-27,320.96,342.88,319.68,335.2,335.2,213199.25
2022-09-26,325.44,332.48,313.12,328.96,328.96,396567.3125
2022-09-23,308.16,333.44,308.16,317.12,317.12,352580.9375
2022-09-22,299.2,307.44,296.96,302.56,302.56,151249.5
2022-09-21,291.04,302.4,285.76,301.76,301.76,205239.0625
2022-09-20,290.08,297.04,286.24,294.56,294.56,153865.625
2022-09-19,303.04,303.52,285.6,287.84,287.84,406987.5625
2022-09-16,316.48,320,314.4,316.96,316.96,166933.8125
2022-09-15,304.48,310.4,301.122,306.4,306.4,123138.875
2022-09-14,303.68,309.92,302.4,305.44,305.44,90140.3125
2022-09-13,298.4,310.266,294.72,304.16,304.16,174346
2022-09-12,292,293.312,288.48,290.4,290.4,118839.9375
2022-09-09,292,296,288.16,295.52,295.52,96280.375
2022-09-08,298.4,299.68,289.6,291.52,291.52,133366.75
2022-09-07,310.56,311.2,293.44,296.8,296.8,101408.6875
2022-09-06,301.12,313.088,300,308,308,82410.3125
2022-09-02,307.2,310.4,299.579,305.44,305.44,139261.75
2022-09-01,305.92,317.76,305.92,311.04,311.04,107088.8125
2022-08-31,309.6,310.72,304.64,307.84,307.84,88239.3125
2022-08-30,315.2,321.28,309.12,311.68,311.68,96931.75
2022-08-29,324.48,324.72,311.52,315.36,315.36,142049.25
2022-08-26,312,339.2,311.84,322.4,322.4,207136.75
2022-08-25,312.32,316.08,307.36,315.2,315.2,77869.125
2022-08-24,322.4,322.56,313.52,316.8,316.8,93442.125
2022-08-23,337.92,339.04,320.96,322.24,322.24,210907.1875
2022-08-22,345.92,346.4,336.32,339.52,339.52,150054.5
2022-08-19,341.6,344,338.4,338.56,338.56,94830.1875
2022-08-18,338.4,340.16,337.44,338.24,338.24,67109.125
2022-08-17,344,346.72,336.32,337.6,337.6,92394.8125
2022-08-16,341.92,343.84,337.12,340.64,340.64,98710.0625
2022-08-15,356.48,356.48,338.4,343.84,343.84,125817.5625
2022-08-12,345.12,352.8,345.12,352.8,352.8,95502.5625
2022-08-11,343.04,349.76,337.28,347.04,347.04,95117.5
2022-08-10,344.8,351.68,342.72,343.04,343.04,96430.5625
2022-08-09,357.12,358.08,348.96,351.04,351.04,51747.4375
2022-08-08,341.6,358.72,341.6,353.12,353.12,126709.3125
2022-08-05,349.12,351.36,340.96,344,344,109162.5625
2022-08-04,354.4,354.4,341.12,341.12,341.12,108392.75
2022-08-03,340.32,352.64,336.32,351.2,351.2,133057.0625
2022-08-02,350.88,352.32,340.32,346.4,346.4,116126.75
2022-08-01,343.68,348.8,336,348.8,348.8,159313.0625
2022-07-29,335.04,339.2,331.68,335.04,335.04,111418
2022-07-28,338.56,345.44,331.2,333.12,333.12,141037.75
2022-07-27,339.2,343.52,335.526,340.96,340.96,163755.1875
2022-07-26,343.04,349.52,339.52,346.72,346.72,188068.25
2022-07-25,320.96,338.72,320.64,338.4,338.4,319217.3125
2022-07-22,337.76,350.08,336.8,342.4,342.4,169939.25
2022-07-21,345.28,348,338.24,339.2,339.2,152133.3125
2022-07-20,347.84,348.4,342.08,345.12,345.12,133633.3125
2022-07-19,343.68,349.6,341.6,349.6,349.6,112188.5
2022-07-18,339.84,352.64,337.92,350.56,350.56,139585.625
2022-07-15,351.68,353.922,341.92,344.64,344.64,212398.3125
2022-07-14,367.84,368.96,356.8,357.12,357.12,199131.5625
2022-07-13,365.76,368.48,354.56,358.56,358.56,148859.875
2022-07-12,356.8,363.52,351.36,359.68,359.68,130912.375
2022-07-11,355.68,360.8,350.88,355.36,355.36,142261.8125
2022-07-08,356.8,356.8,349.04,351.84,351.84,120435.125
2022-07-07,353.92,357.28,348.32,357.28,357.28,146790.3125
2022-07-06,361.28,367.04,354.56,354.56,354.56,111702.6875
2022-07-05,370.24,376.32,360.32,360.8,360.8,159050.3125
2022-07-01,370.88,376.64,358.56,360.64,360.64,140595.8125
2022-06-30,372,380.32,364.48,369.28,369.28,162399.6875
2022-06-29,368,373.6,361.52,365.44,365.44,137143.375
2022-06-28,356,368.96,354.72,364.48,364.48,197278.125
2022-06-27,366.24,370.72,360,361.6,361.6,148077
2022-06-24,369.44,372,364.8,369.92,369.92,508308.5
2022-06-23,374.72,383.04,366.08,374.4,374.4,480814.4375
2022-06-22,397.6,398.544,376.478,381.44,381.44,211702.0625
2022-06-21,381.6,392,378.08,392,392,206570.8125
2022-06-17,402.4,409.44,390.56,394.56,394.56,197874.9375
2022-06-16,399.36,417.44,396.64,406.4,406.4,298443.625
2022-06-15,396.8,400.8,370.576,383.52,383.52,353873.375
2022-06-14,409.28,416.96,400.32,405.28,405.28,206971.125
2022-06-13,394.08,420.64,392.32,413.44,413.44,464050.375
2022-06-10,372.8,385.6,367.68,373.28,373.28,457841.625
2022-06-09,348,373.44,345.12,370.08,370.08,268082.625
2022-06-08,348,351.36,342.4,348.8,348.8,142211.5
2022-06-07,352.16,357.44,345.76,346.72,346.72,180097.5
2022-06-06,345.76,359.2,344.24,352.48,352.48,241293.9375
2022-06-03,354.56,362.728,349.44,350.24,350.24,202189.4375
2022-06-02,358.24,360.64,347.2,347.2,347.2,215448.5625
2022-06-01,354.4,371.2,351.36,356.16,356.16,197367.125
2022-05-31,364.8,368.774,355.2,360.96,360.96,227039.75
2022-05-27,363.52,365.92,355.2,359.36,359.36,205160.9375
2022-05-26,374.24,374.72,366.24,372.16,372.16,202993.375
2022-05-25,390.4,391.2,369.6,378.4,378.4,188779
2022-05-24,390.4,400,382.72,384.48,384.48,313739.8125
2022-05-23,396.96,410.08,373.28,384.96,384.96,366521.875
2022-05-20,398.4,424,395.6,400.8,400.8,421694.4375
2022-05-19,420.64,429.76,404.48,405.68,405.68,275484.125
2022-05-18,404.8,423.52,392.32,417.44,417.44,327179.375
2022-05-17,385.12,411.84,385.12,396.64,396.64,224913.1875
2022-05-16,416,419.04,390.4,395.04,395.04,260404.375
2022-05-13,420.32,423.68,412.32,415.52,415.52,198405.75
2022-05-12,439.36,451.04,425.28,430.88,430.88,228690.75
2022-05-11,434.4,443.2,416.48,436.48,436.48,171508
2022-05-10,428.8,454.88,424.8,432.88,432.88,284283.25
2022-05-09,453.28,459.04,437.12,448.16,448.16,279591.75
2022-05-06,438.4,455.36,426.24,433.12,433.12,366570.375
2022-05-05,400.96,441.28,400.96,432,432,483019.8125
2022-05-04,425.28,429.44,397.6,397.6,397.6,293818.9375
2022-05-03,434.24,444.96,428.32,432.8,432.8,153857.1875
2022-05-02,462.24,468.48,440,440,440,329700.5625
2022-04-29,424.16,450.4,417.44,443.36,443.36,385739.375
2022-04-28,414.4,443.36,408,416.64,416.64,315928.6875
2022-04-27,416.16,436,408.16,435.2,435.2,379369.9375
2022-04-26,403.68,434.56,403.36,421.6,421.6,296854.4375
2022-04-25,425.6,431.52,396.8,396.8,396.8,338909.5
2022-04-22,397.92,424,396.962,418.4,418.4,277274.625
2022-04-21,387.2,403.52,384.16,397.76,397.76,164496.5
2022-04-20,389.76,402.72,388.96,390.24,390.24,106801.75
2022-04-19,401.28,403.84,391.36,395.68,395.68,159611.6875
2022-04-18,402.4,409.424,397.44,404.96,404.96,157394.4375
2022-04-14,392.32,401.12,386.4,399.84,399.84,183285.8125
2022-04-13,412,416.32,392.48,393.44,393.44,184482.1875
2022-04-12,402.88,421.92,395.2,411.84,411.84,270603.5625
2022-04-11,406.08,417.6,396,417.6,417.6,219057.75
2022-04-08,389.6,400,379.44,394.72,394.72,173837.5625
2022-04-07,394.88,399.2,384.16,384.8,384.8,205326.0625
2022-04-06,416.16,423.52,389.6,390.08,390.08,296695.3125
2022-04-05,393.6,414.24,386.736,396.96,396.96,281392.4375
2022-04-04,400.16,404.48,383.84,390.88,390.88,227618.8125
2022-04-01,409.12,414.24,400,400.48,400.48,192092.75
2022-03-31,405.28,416.32,403.36,411.2,411.2,185397.1875
2022-03-30,404.48,412.96,396.48,400,400,249152.25
2022-03-29,401.6,407.84,387.52,397.6,397.6,323279.875
2022-03-28,411.52,487.52,406.4,411.68,411.68,681450.875
2022-03-25,400.8,412.48,399.04,403.2,403.2,280685.6875
2022-03-24,400.32,416.48,396,403.2,403.2,224435.9375
2022-03-23,414.4,415.84,391.68,407.84,407.84,308418.4375
2022-03-22,408.64,410.4,391.68,407.12,407.12,305647.6875
2022-03-21,396.64,421.12,382.24,416.16,416.16,604955.0625
2022-03-18,438.08,446.08,394.24,400,400,607341.9375
2022-03-17,422.4,440.64,412.8,418.4,418.4,540482.4375
2022-03-16,472.64,474.72,414.24,415.2,415.2,977747.5
2022-03-15,494.24,666.4,459.2,459.2,459.2,3286826.6875
2022-03-14,419.36,492,407.2,460.96,460.96,4160666.9375
2022-03-11,400.48,422.88,399.84,421.44,421.44,3194785.75
2022-03-10,438.4,440.48,412.96,413.28,413.28,3065313.75
2022-03-09,427.12,435.52,419.2,432.48,432.48,3945044.125
2022-03-08,452.16,469.76,426.88,450.4,450.4,5541729.6875
2022-03-07,420.8,456.48,420.16,455.84,455.84,4186457.0625
2022-03-04,423.84,437.12,416.4,419.2,419.2,3851130
2022-03-03,394.88,412.32,389.438,401.76,401.76,3265435.75
2022-03-02,420.96,423.84,395.2,399.36,399.36,3335155
2022-03-01,394.4,431.52,389.12,426.72,426.72,4538297.8125
2022-02-28,395.2,399.52,376.8,384,384,4636172
2022-02-25,379.52,387.202,361.92,367.2,367.2,4072095.375
2022-02-24,438.4,439.2,380.32,382.8,382.8,6915853.25
2022-02-23,363.68,396.32,362.4,395.2,395.2,4758344.125
2022-02-22,380.64,393.92,366.08,373.76,373.76,5429834.8125
2022-02-18,370.88,385.12,364.8,375.2,375.2,4742107.125
2022-02-17,347.36,369.44,345.92,367.36,367.36,4199670.0625
2022-02-16,347.2,354.24,327.36,328.48,328.48,3584227.0625
2022-02-15,346.88,355.52,341.28,342.24,342.24,3479889.5
2022-02-14,372.96,396.8,368.16,372.96,372.96,6475976.5
2022-02-11,327.52,381.92,324.715,371.84,371.84,7311806.9375
2022-02-10,315.68,335.44,300.48,327.36,327.36,5385110.3125
2022-02-09,303.04,306.4,299.36,299.36,299.36,2692127.1875
2022-02-08,323.52,329.389,310.56,312,312,2611878.3125
2022-02-07,328,331.84,319.52,326.72,326.72,2799880.4375
2022-02-04,344.32,354.56,324.8,336,336,4072422.375
2022-02-03,330.24,351.52,321.52,348.48,348.48,4386451.3125
2022-02-02,315.36,323.68,308.8,310.72,310.72,2775401.8125
2022-02-01,336.16,345.92,316.72,317.44,317.44,3346170.125
2022-01-31,371.36,374.4,342.56,342.56,342.56,3935350.25
2022-01-28,383.84,400.64,365.28,367.2,367.2,6398543.1875
2022-01-27,369.6,402.08,362.16,391.84,391.84,7546039.4375
2022-01-26,364.8,397.84,348.16,389.12,389.12,9090406.75
2022-01-25,405.28,420.16,370.4,381.76,381.76,8894234.5625
2022-01-24,400.16,445.44,372.339,379.52,379.52,11682065
2022-01-21,345.6,371.68,338.4,371.2,371.2,8544540.625
2022-01-20,317.76,342.24,305.28,339.84,339.84,4420222.5
2022-01-19,311.52,328.64,310,325.76,325.76,4457857.125
2022-01-18,308,320.64,307.36,318.24,318.24,4324637.25
2022-01-14,309.92,311.44,292.72,295.2,295.2,5414388.875
2022-01-13,281.28,302.232,278.4,299.84,299.84,3694444.9375
2022-01-12,281.44,287.68,276.72,282.08,282.08,2704387.5625
2022-01-11,299.52,305.92,284.32,285.12,285.12,3284456.3125
2022-01-10,312.64,329.68,294.56,295.52,295.52,5773669.1875
2022-01-07,309.12,317.76,299.68,301.12,301.12,3269441.5625
2022-01-06,309.92,315.2,300.88,310.08,310.08,4079614.5
2022-01-05,288.32,308.96,281.6,308.64,308.64,4891435.25
2022-01-04,284.16,294.72,283.36,286.08,286.08,2586025
2022-01-03,292.48,298.4,285.76,286.4,286.4,2412318
2021-12-31,298.4,301.76,293.92,296.48,296.48,1460638.25
2021-12-30,297.76,302,292.64,299.36,299.36,1296361.1875
2021-12-29,306.88,310.24,296.8,299.36,299.36,1561875.6875
2021-12-28,313.44,316.8,306.72,307.36,307.36,1922197.6875
2021-12-27,320.32,324.64,313.6,315.2,315.2,1668518.375
2021-12-23,323.2,324.48,319.2,322.88,322.88,1978441.5625
2021-12-22,345.76,345.76,326.24,326.56,326.56,1961471.9375
2021-12-21,352.48,360.96,342.56,346.56,346.56,2373573.875
2021-12-20,384,397.92,361.6,364.48,364.48,4578704.75
2021-12-17,353.76,361.92,337.92,351.52,351.52,4352919.375
2021-12-16,320.96,351.6,319.36,340.64,340.64,4969179.375
2021-12-15,354.08,368.16,325.6,326.88,326.88,4538931.9375
2021-12-14,357.6,368.126,347.68,350.88,350.88,3198423.75
2021-12-13,335.68,349.6,334.88,346.24,346.24,2637045.9375
2021-12-10,338.24,349.44,331.68,332.48,332.48,2893016.375
2021-12-09,345.44,362.24,339.84,355.2,355.2,3084800.375
2021-12-08,363.2,368.48,344.32,344.32,344.32,1579675
2021-12-07,388.48,388.64,361.6,366.4,366.4,2758582.4375
2021-12-06,431.52,446.88,410.24,412.48,412.48,4454805.3125
2021-12-03,408,482.4,404.8,447.36,447.36,8289634.375
2021-12-02,423.52,431.2,402.72,411.52,411.52,3566873.9375
2021-12-01,378.08,437.92,364.08,436.8,436.8,4394089.9375
2021-11-30,375.84,408.32,368.48,407.36,407.36,4459265.4375
2021-11-29,370.56,373.76,346.16,352.8,352.8,3103441.6875
2021-11-26,367.52,423.04,362,418.56,418.56,5184337.625
2021-11-24,341.6,347.84,326.72,328.8,328.8,2172413.6875
2021-11-23,341.44,348,331.52,333.6,333.6,2634960.6875
2021-11-22,328.16,342.72,326.08,341.28,341.28,2476108.75
2021-11-19,332.96,339.2,328.16,335.36,335.36,1969939.375
2021-11-18,324.8,335.68,323.52,331.36,331.36,1556796.125
2021-11-17,322.08,329.6,319.84,328.32,328.32,1456416.1875
2021-11-16,324.32,324.8,317.76,323.04,323.04,1212603.9375
2021-11-15,321.76,332.8,321.6,321.92,321.92,1269795.625
2021-11-12,332.16,335.2,324.48,325.76,325.76,1384434
2021-11-11,337.6,341.52,330.88,338.24,338.24,1149979.625
2021-11-10,346.4,353.76,333.28,345.6,345.6,3360847.625
2021-11-09,336.48,347.68,335.68,339.36,339.36,2311496.4375
2021-11-08,328.16,340,327.04,333.76,333.76,1570134.5625
2021-11-05,318.4,334.88,317.12,333.28,333.28,2274750.125
2021-11-04,313.6,326.24,311.52,320.8,320.8,2049404.9375
2021-11-03,329.44,331.68,314.24,317.12,317.12,2484111
2021-11-02,336.64,336.96,328.32,328.48,328.48,1292096.8125
2021-11-01,339.84,350.4,336.88,337.6,337.6,1365016.375
2021-10-29,348.8,349.76,340.16,343.04,343.04,1664156.0625
2021-10-28,345.12,346.72,339.072,340.32,340.32,1284523.375
2021-10-27,342.08,352.64,334.24,351.2,351.2,2134203.8125
2021-10-26,333.28,350.96,332.64,343.52,343.52,1949859.25
2021-10-25,344,350.56,336.48,336.96,336.96,1782881.9375
2021-10-22,340.8,355.2,336.96,347.2,347.2,2276161.125
2021-10-21,353.44,355.12,339.04,339.52,339.52,1618904.125
2021-10-20,355.2,356.16,349.28,351.2,351.2,1602988.125
2021-10-19,355.52,358.72,352,354.4,354.4,1567803.125
2021-10-18,370.4,371.362,357.28,357.92,357.92,1321743.75
2021-10-15,361.76,367.04,354.88,364.64,364.64,1838290
2021-10-14,373.758,375.84,364.64,364.96,364.96,2121934.0625
2021-10-13,391.68,400.16,385.12,386.24,386.24,2408589.625
2021-10-12,395.52,403.04,389.44,393.76,393.76,1544872.1875
2021-10-11,400,402.24,386.4,401.92,401.92,1675810.625
2021-10-08,399.2,403.04,393.6,396.64,396.64,2043155.875
2021-10-07,412.32,412.32,402.88,404.16,404.16,1691869
2021-10-06,435.04,452.48,418.4,419.36,419.36,3283117.6875
2021-10-05,437.44,440.8,416.64,424.8,424.8,2049712.9375
2021-10-04,429.6,456,425.76,441.12,441.12,3547932.5
2021-10-01,435.68,451.04,418.4,429.12,429.12,2633091.3125
2021-09-30,433.12,453.2,423.04,445.28,445.28,3716204.0625
2021-09-29,435.84,448.64,430.56,444.96,444.96,2849885
2021-09-28,413.92,447.68,410.08,438.56,438.56,4762122.875
2021-09-27,395.84,400.8,389.92,397.12,397.12,1627745.6875
2021-09-24,415.68,416.48,392.48,393.28,393.28,2138594.625
2021-09-23,419.2,419.984,404.08,405.76,405.76,2943174.9375
2021-09-22,446.72,452.96,423.84,433.12,433.12,3437737
2021-09-21,462.4,486.08,451.36,461.76,461.76,3379475.5625
2021-09-20,462.72,518.56,452,475.84,475.84,6365928
2021-09-17,404.8,430.4,402.08,428.96,428.96,2846893.4375
2021-09-16,409.28,418.88,398.48,402.88,402.88,2279443.5625
2021-09-15,415.52,424.64,403.84,406.88,406.88,2089274.375
2021-09-14,411.2,430.4,408.16,423.36,423.36,2619588.25
2021-09-13,414.24,436.96,412.16,417.44,417.44,2849054.75
2021-09-10,402.4,435.52,398.72,432.96,432.96,2318656.1875
2021-09-09,411.52,418.72,399.36,416.8,416.8,1827102.8125
2021-09-08,416.64,423.2,407.04,408.16,408.16,1768360.375
2021-09-07,401.92,412.652,401.44,408.8,408.8,1463064.125
2021-09-03,403.2,406.88,395.68,399.04,399.04,1708359.125
2021-09-02,393.12,404.16,392.16,396.32,396.32,1530308.8125
2021-09-01,405.28,408.8,394.4,397.12,397.12,1200902.0625
2021-08-31,412,415.52,407.12,407.84,407.84,996885.8125
2021-08-30,408.64,414.24,406.72,409.44,409.44,1181994.4375
2021-08-27,429.44,429.6,410.4,413.6,413.6,1667206.375
2021-08-26,424,441.28,420.32,436,436,2245990.25
2021-08-25,425.92,428.16,416.64,418.08,418.08,920716.1875
2021-08-24,426.88,430.8,424.48,427.36,427.36,1053798.375
2021-08-23,431.84,431.936,421.76,428.96,428.96,1484723.4375
2021-08-20,472.96,475.36,440.48,444.16,444.16,2141021.5625
2021-08-19,486.56,494.4,462.88,480.24,480.24,4621927.25
2021-08-18,441.28,469.04,434.88,465.12,465.12,2385470.3125
2021-08-17,434.72,456.96,428.32,435.2,435.2,3250038.9375
2021-08-16,430.88,439.68,421.12,421.12,421.12,2034155.1875
2021-08-13,413.92,422.24,412.08,420.48,420.48,1060649.9375
2021-08-12,431.36,432.8,415.04,419.84,419.84,1153354.75
2021-08-11,436.96,440.48,426.56,428.48,428.48,1232155.8125
2021-08-10,442.08,446.88,435.68,440.48,440.48,1096398.25
2021-08-09,451.68,456.8,444.32,448.16,448.16,1301827.3125
2021-08-06,460.16,463.12,452.16,452.8,452.8,1189148.875
2021-08-05,472,472.64,464.16,464.8,464.8,1136312.9375
2021-08-04,485.92,487.84,471.68,476.32,476.32,1092970.1875
2021-08-03,494.08,507.36,476.8,476.96,476.96,1810612.75
2021-08-02,478.08,504.64,476,502.08,502.08,1424997.5625
2021-07-30,488.8,489.6,472.32,483.36,483.36,1368241.1875
2021-07-29,477.6,477.6,468.56,471.84,471.84,982346.75
2021-07-28,488.64,502.72,472.64,479.84,479.84,1890260.3125
2021-07-27,488.16,518.88,488.16,493.76,493.76,2487572.4375
2021-07-26,491.04,496.96,477.6,477.6,477.6,1293361.4375
2021-07-23,477.12,487.04,475.84,485.28,485.28,1451298.75
2021-07-22,481.92,495.04,475.2,487.52,487.52,1537849.3125
2021-07-21,499.84,501.76,477.92,479.04,479.04,1521045.0625
2021-07-20,554.24,563.68,504.48,511.52,511.52,2213469.125
2021-07-19,516.96,592.64,512,558.56,558.56,4945516.75
2021-07-16,459.04,489.92,456.16,488.8,488.8,1667583.5625
2021-07-15,474.88,480.32,466.24,469.28,469.28,2050458.3125
2021-07-14,462.24,479.36,458.4,462.56,462.56,1687802.1875
2021-07-13,468,475.2,457.76,473.44,473.44,1377282.0625
2021-07-12,472.16,474.56,464.48,467.84,467.84,878542.875
2021-07-09,489.44,492.64,468.48,470.88,470.88,1459141.5625
2021-07-08,515.84,519.52,496.48,504.8,504.8,2308044.8125
2021-07-07,468,490.08,467.04,474.08,474.08,1224746
2021-07-06,458.56,487.2,458.08,473.12,473.12,1582455.6875
2021-07-02,452.32,465.68,449.12,462.56,462.56,1697233.9375
2021-07-01,466.4,470.688,462.432,463.68,463.68,1122776.5625
2021-06-30,479.84,482.88,466.88,471.36,471.36,1193496.8125
2021-06-29,463.84,477.44,462.08,476.32,476.32,889332.5
2021-06-28,463.68,474.08,461.44,466.4,466.4,1065618.3125
2021-06-25,472.96,478.4,466.4,466.4,466.4,995577.875
2021-06-24,472.32,478.08,470.72,475.2,475.2,892816.6875
2021-06-23,487.52,489.92,479.52,484.64,484.64,940025.625
2021-06-22,523.84,526.56,493.76,493.92,493.92,1156555.1875
2021-06-21,535.2,551.68,512.64,520.64,520.64,1444367.5
2021-06-18,534.24,558.08,520,555.04,555.04,3143372.1875
2021-06-17,514.56,521.36,492.4,510.24,510.24,1948689.3125
2021-06-16,501.92,526.864,492.96,513.12,513.12,3075132.75
2021-06-15,500,512.48,497.6,508.64,508.64,1345390.25
2021-06-14,491.68,507.04,490.08,497.76,497.76,1267538.3125
2021-06-11,496.96,498.56,489.28,493.12,493.12,1240445.875
2021-06-10,524.64,527.68,506.24,507.68,507.68,1520316.0625
2021-06-09,524.96,542.56,524.16,538.88,538.88,1007850.625
2021-06-08,521.6,542.08,520.32,530.24,530.24,1283582.0625
2021-06-07,533.76,539.2,523.52,524.64,524.64,883579.375
2021-06-04,546.08,546.08,532,534.24,534.24,1236401.1875
2021-06-03,570.812,578.88,555.552,564,564,1544602.875
2021-06-02,561.92,567.2,545.76,553.76,553.76,1245773.125
2021-06-01,541.6,569.12,538.872,568.48,568.48,1201836.9375
2021-05-28,541.12,556,538.56,555.2,555.2,1057807.875
2021-05-27,568,568.32,542.88,546.56,546.56,1182138.125
2021-05-26,594.24,596.32,572,574.4,574.4,1430040.125
2021-05-25,599.52,613.6,598,603.2,603.2,1173871.625
2021-05-24,618.72,619.68,596.8,603.68,603.68,978786.3125
2021-05-21,629.28,640.32,621.6,631.68,631.68,1541686.125
2021-05-20,658.88,668.16,633.6,639.84,639.84,1847296.8125
2021-05-19,689.76,741.12,672.88,677.6,677.6,4050861.8125
2021-05-18,630.08,649.76,614.72,647.2,647.2,1766118.4375
2021-05-17,629.92,662.56,618.4,637.92,637.92,2115430.75
2021-05-14,663.52,664,611.52,617.68,617.68,1413650.25
2021-05-13,730.88,731.36,679.04,700,700,2703589.875
2021-05-12,684.48,799.2,682.56,774.32,774.32,4511292.8125
2021-05-11,648.48,674.4,628.8,659.36,659.36,2521568.875
2021-05-10,586.88,614.4,576.64,613.6,613.6,1538150
2021-05-07,622.72,624.48,585.2,587.84,587.84,1151945.125
2021-05-06,628.8,654.08,621.2,623.2,623.2,1380364.9375
2021-05-05,632,641.92,615.68,627.04,627.04,763833.5625
2021-05-04,636,678.24,631.36,643.36,643.36,2219707.875
2021-05-03,627.2,633.92,619.2,620,620,969285.9375
2021-04-30,630.56,648.48,622.88,642.56,642.56,1218135.5625
2021-04-29,610.4,642.72,608,617.12,617.12,1354740.1875
2021-04-28,621.44,630.24,615.84,621.92,621.92,897309.875
2021-04-27,633.44,643.84,621.44,624.16,624.16,866393.375
2021-04-26,636.32,646.844,634.112,637.12,637.12,720651.375
2021-04-23,661.92,665.28,628.48,642.72,642.72,1951534.1875
2021-04-22,629.12,680.96,625.28,668.8,668.8,1752643.0625
2021-04-21,668.8,677.12,626.56,629.76,629.76,848360.125
2021-04-20,659.2,687.36,653.44,665.6,665.6,1354161.3125
2021-04-19,632.96,668.8,630.4,650.88,650.88,1294266.5
2021-04-16,637.44,642.56,622.72,627.84,627.84,771921.4375
2021-04-15,643.84,647.04,634.24,638.08,638.08,830585.6875
2021-04-14,648.32,663.68,642.56,659.84,659.84,932934.5
2021-04-13,650.88,653.44,640,645.76,645.76,760254.9375
2021-04-12,664.96,677.76,650.24,650.24,650.24,651722.1875
2021-04-09,666.88,671.04,648.96,659.84,659.84,748837.75
2021-04-08,661.76,668.16,654.72,661.12,661.12,666501.875
2021-04-07,689.28,691.52,668.16,671.36,671.36,628224.4375
2021-04-06,688.64,694.08,677.12,689.28,689.28,695768.3125
2021-04-05,685.44,697.28,682.88,689.28,689.28,825090.5
2021-04-01,720,724.48,702.08,707.2,707.2,749675.875
2021-03-31,728.32,745.6,716.16,729.6,729.6,917782.6875
2021-03-30,768.64,777.6,734.72,735.36,735.36,738689.125
2021-03-29,768.64,791.68,760.96,768.64,768.64,990708.9375
2021-03-26,768.64,799.36,742.4,751.36,751.36,1233821.375
2021-03-25,812.16,851.2,778.24,782.72,782.72,1166875.3125
2021-03-24,783.36,807.68,767.36,807.04,807.04,748220.3125
2021-03-23,769.92,814.4,766.72,800,800,959340.125
2021-03-22,807.68,812.16,758.4,764.16,764.16,753539.3125
2021-03-19,845.44,867.84,812.8,817.28,817.28,897453.625
2021-03-18,823.04,858.24,806.4,850.56,850.56,977305.4375
2021-03-17,851.2,856,804.48,805.76,805.76,1026474.125
2021-03-16,840.96,843.52,817.28,842.24,842.24,800418.8125
2021-03-15,890.24,896.96,839.04,842.24,842.24,788713.9375
2021-03-12,926.72,929.92,892.8,892.8,892.8,740750.9375
2021-03-11,918.4,920.32,903.68,910.08,910.08,667835.75
2021-03-10,919.68,940.48,919.68,933.12,933.12,713336.8125
2021-03-09,957.44,961.92,933.76,945.28,945.28,826097.25
2021-03-08,969.6,993.28,949.12,984.96,984.96,1093294.5
2021-03-05,1001.6,1071.36,964.48,967.68,967.68,1623081.75
2021-03-04,987.52,1085.5,965.12,1041.28,1041.28,1915178.1875
2021-03-03,951.04,1001.6,942.72,999.04,999.04,1595847.0625
2021-03-02,951.68,963.12,938.24,958.08,958.08,778554.4375
2021-03-01,965.12,965.12,937.6,949.76,949.76,840712.0625
2021-02-26,1029.15,1106.56,1001.6,1025.92,1025.92,1896020.75
2021-02-25,947.2,1100.8,931.2,1074.56,1074.56,2431490.6875
2021-02-24,990.72,1000.96,924.16,926.72,926.72,932717.375
2021-02-23,1012.48,1062.4,963.84,965.12,965.12,1457566.375
2021-02-22,998.4,1007.36,969.6,1006.72,1006.72,861638.25
2021-02-19,993.28,996.16,954.88,966.4,966.4,973394.8125
2021-02-18,1025.28,1038.08,992,1002.24,1002.24,857328.75
2021-02-17,1034.24,1051.52,993.92,997.12,997.12,862472.25
2021-02-16,1011.84,1029.76,998.4,1018.24,1018.24,837214.1875
2021-02-12,1051.52,1051.52,1005.44,1007.36,1007.36,767355.875
2021-02-11,1053.44,1090.56,1040.64,1041.92,1041.92,769494.1875
2021-02-10,1042.56,1097.6,1040.64,1066.88,1066.88,1046180.3125
2021-02-09,1059.84,1066.88,1036.16,1049.6,1049.6,535333.0625
2021-02-08,1048.32,1064.32,1045.12,1045.12,1045.12,408605.4375
2021-02-05,1050.88,1075.84,1050.24,1054.08,1054.08,541817
2021-02-04,1080.32,1082.88,1056,1056,1056,476994.1875
2021-02-03,1138.56,1155.84,1102.08,1104,1104,585467.75
2021-02-02,1210.24,1213.44,1152,1164.16,1164.16,662261.6875
2021-02-01,1285.76,1362.56,1254.72,1272.32,1272.32,1017656.6875
2021-01-29,1298.56,1392.64,1228.16,1349.12,1349.12,1924179.375
2021-01-28,1240.32,1297.92,1204.48,1266.56,1266.56,1198391.6875
2021-01-27,1130.88,1315.84,1128.96,1296,1296,1943635.0625
2021-01-26,1072.64,1100.8,1027.2,1100.8,1100.8,760279.1875
2021-01-25,1059.2,1137.6,1052.16,1091.84,1091.84,1157409
2021-01-22,1061.12,1067.2,1036.8,1049.6,1049.6,671279.5
2021-01-21,1044.48,1061.12,1033.6,1035.52,1035.52,668665.1875
2021-01-20,1050.24,1065.6,1038.08,1043.84,1043.84,545516.75
2021-01-19,1068.16,1083.52,1057.92,1064.32,1064.32,677184.6875
2021-01-15,1083.52,1120,1067.52,1095.04,1095.04,902301.5
2021-01-14,1046.4,1073.28,1032.96,1067.52,1067.52,588606.8125
2021-01-13,1071.36,1079.04,1045.76,1055.36,1055.36,457492.0625
2021-01-12,1084.8,1116.8,1068.8,1072,1072,527201.625
2021-01-11,1084.8,1113.6,1068.16,1109.76,1109.76,645053.9375
2021-01-08,1049.6,1084.16,1038.78,1046.4,1046.4,694116.875
2021-01-07,1075.2,1079.68,1056,1056,1056,610442.3125
2021-01-06,1118.08,1152,1058.56,1123.2,1123.2,1160374.6875
2021-01-05,1196.16,1197.44,1119.04,1128.96,1128.96,728286.5
2021-01-04,1073.28,1203.2,1072,1168,1168,1105621.9375
2020-12-31,1073.92,1092.48,1053.44,1074.56,1074.56,458572.9375
2020-12-30,1110.37,1115.52,1071.36,1075.2,1075.2,430819.4375
2020-12-29,1061.12,1136.64,1059.84,1115.52,1115.52,567998.25
2020-12-28,1064.32,1077.76,1059.84,1076.48,1076.48,313983.9375
2020-12-24,1096.32,1096.96,1080,1080.32,1080.32,219339.3125
2020-12-23,1134.08,1136.96,1091.84,1112.32,1112.32,516392.875
2020-12-22,1166.72,1182.72,1152.64,1159.04,1159.04,568506
2020-12-21,1201.92,1246.08,1155.84,1180.16,1180.16,1394855.3125
2020-12-18,1080.32,1124.48,1079.68,1093.12,1093.12,811192.9375
2020-12-17,1089.28,1095.68,1063.68,1072,1072,612563.5625
2020-12-16,1121.28,1133.44,1086.08,1087.36,1087.36,651360.375
2020-12-15,1151.36,1164.8,1122.56,1123.84,1123.84,662006.9375
2020-12-14,1114.88,1182.72,1104.64,1178.24,1178.24,615526.375
2020-12-11,1138.56,1182.72,1121.28,1152,1152,878635
2020-12-10,1109.76,1118.08,1080.64,1111.04,1111.04,721930.4375
2020-12-09,1050.24,1110.4,1041.92,1100.8,1100.8,1047302.75
2020-12-08,1108.48,1110.08,1061.76,1061.76,1061.76,465346.875
2020-12-07,1106.56,1112.64,1095.68,1101.44,1101.44,467477.3125
2020-12-04,1101.44,1102.08,1084.8,1095.04,1095.04,541024.5
2020-12-03,1091.2,1124.16,1088,1114.88,1114.88,537301.9375
2020-12-02,1112.32,1112.32,1080.96,1104.64,1104.64,478311.3125
2020-12-01,1088.64,1114.88,1081.6,1110.4,1110.4,594519.3125
2020-11-30,1124.48,1162.88,1097.6,1099.52,1099.52,444425.1875
2020-11-27,1104,1128.85,1094.4,1120.64,1120.64,257728.375
2020-11-25,1156.48,1171.84,1111.04,1112.96,1112.96,389697.1875
2020-11-24,1150.72,1175.36,1148.16,1155.2,1155.2,528150.875
2020-11-23,1174.4,1198.4,1154.56,1175.04,1175.04,509546.0625
2020-11-20,1191.68,1195.52,1167.36,1190.4,1190.4,452753.9375
2020-11-19,1202.56,1220.48,1173.12,1192.96,1192.96,445481.9375
2020-11-18,1159.04,1216,1146.88,1205.76,1205.76,569977.3125
2020-11-17,1215.36,1222.4,1168.64,1171.2,1171.2,511142.4375
2020-11-16,1191.04,1235.2,1186.56,1186.56,1186.56,506870.625
2020-11-13,1257.6,1258.88,1200,1221.12,1221.12,592429
2020-11-12,1233.79,1328,1220.48,1301.12,1301.12,1046503.4375
2020-11-11,1225.6,1241.6,1192.32,1215.36,1215.36,513579.5625
2020-11-10,1252.48,1299.2,1242.88,1246.08,1246.08,530816.875
2020-11-09,1221.12,1287.04,1166.08,1284.48,1284.48,936410.9375
2020-11-06,1395.2,1396.48,1312.64,1313.28,1313.28,665715.5
2020-11-05,1384.96,1422.72,1372.16,1406.72,1406.72,570570.75
2020-11-04,1504,1507.84,1420.8,1430.4,1430.4,1018868
2020-11-03,1609.6,1619.84,1548.16,1568.64,1568.64,608526.4375
2020-11-02,1621.12,1683.2,1616,1660.16,1660.16,648957.5
2020-10-30,1675.52,1728.64,1649.28,1697.92,1697.92,626069.1875
2020-10-29,1738.88,1773.44,1596.16,1648,1648,734401.0625
2020-10-28,1670.4,1777.12,1649.28,1774.72,1774.72,1205505
2020-10-27,1546.75,1580.16,1520,1553.28,1553.28,532883.75
2020-10-26,1452.8,1572.48,1438.08,1546.88,1546.88,795197.875
2020-10-23,1411.84,1450.24,1409.28,1418.88,1418.88,295706.5625
2020-10-22,1448.96,1461.76,1404.16,1417.6,1417.6,354292.25
2020-10-21,1478.4,1498.24,1442.06,1451.52,1451.52,424596.5
2020-10-20,1477.12,1495.04,1463.68,1486.72,1486.72,464870.5625
2020-10-19,1417.6,1496.32,1415.04,1487.36,1487.36,434465.4375
2020-10-16,1413.12,1425.28,1391.36,1425.28,1425.28,366239.625
2020-10-15,1466.24,1478.4,1410.56,1415.04,1415.04,509478.875
2020-10-14,1404.8,1424.64,1381.12,1402.88,1402.88,462805.3125
2020-10-13,1414.4,1445.76,1405.44,1417.6,1417.6,365551.9375
2020-10-12,1401.6,1426.56,1393.92,1398.4,1398.4,488390.9375
2020-10-09,1459.84,1460.48,1425.92,1426.56,1426.56,455220.25
2020-10-08,1549.44,1558.4,1501.44,1504.64,1504.64,394358.6875
2020-10-07,1589.12,1595.52,1555.84,1567.36,1567.36,303894
2020-10-06,1584.64,1634.56,1554.7,1620.48,1620.48,543849.9375
2020-10-05,1633.92,1651.2,1585.6,1598.08,1598.08,325734.4375
2020-10-02,1683.84,1688.32,1618.56,1649.92,1649.92,467725.375
2020-10-01,1575.04,1625.6,1575.04,1600.64,1600.64,377352.1875
2020-09-30,1575.04,1611.52,1554.56,1593.6,1593.6,401990.125
2020-09-29,1630.08,1632,1571.52,1596.16,1596.16,354951.125
2020-09-28,1621.12,1641.6,1616.64,1623.04,1623.04,285332.6875
2020-09-25,1678.08,1690.88,1624.32,1634.56,1634.56,369253.8125
2020-09-24,1710.72,1728,1647.36,1676.16,1676.16,428443
2020-09-23,1617.28,1710.08,1609.6,1708.8,1708.8,457802
2020-09-22,1607.68,1666.56,1607.04,1623.04,1623.04,363980.8125
2020-09-21,1625.6,1705.6,1602.88,1610.24,1610.24,623206.3125
2020-09-18,1549.44,1598.72,1514.88,1559.68,1559.68,540901.6875
2020-09-17,1646.72,1651.84,1553.92,1560.96,1560.96,486046.875
2020-09-16,1591.68,1600,1553.6,1597.44,1597.44,465754.875
2020-09-15,1588.48,1631.36,1580.16,1601.92,1601.92,398504.9375
2020-09-14,1610.88,1628.8,1581.44,1604.48,1604.48,473258
2020-09-11,1688.96,1739.52,1631.36,1633.28,1633.28,665370.875
2020-09-10,1701.76,1777.92,1687.04,1736.32,1736.32,612586.9375
2020-09-09,1763.84,1782.4,1686.4,1717.12,1717.12,592436
2020-09-08,1999.36,2016,1802.24,1809.92,1809.92,998730.375
2020-09-04,1978.24,2181.12,1826.56,1850.88,1850.88,1732701.8125
2020-09-03,1812.48,2096.64,1747.36,2029.44,2029.44,1859850.75
2020-09-02,1743.36,1806.72,1736.32,1788.16,1788.16,633260.3125
2020-09-01,1718.4,1757.44,1704.96,1745.28,1745.28,452352.6875
2020-08-31,1683.2,1733.76,1643.52,1718.4,1718.4,567761.75
2020-08-28,1665.28,1735.04,1610.24,1637.12,1637.12,544921.875
2020-08-27,1580.16,1772.8,1563.52,1646.08,1646.08,841497.0625
2020-08-26,1551.36,1605.76,1512.96,1595.52,1595.52,463642.3125
2020-08-25,1574.4,1620.8,1550.72,1560.96,1560.96,410045.875
2020-08-24,1532.8,1586.24,1528.32,1569.28,1569.28,430205.75
2020-08-21,1596.16,1602.56,1567.04,1576.32,1576.32,401836.75
2020-08-20,1647.36,1653.76,1561.6,1568,1568,553784.3125
2020-08-19,1544.32,1596.16,1532.8,1585.28,1585.28,556634.5625
2020-08-18,1560.32,1595.52,1542.4,1557.12,1557.12,345926.125
2020-08-17,1592.96,1606.4,1562.88,1573.76,1573.76,306331.3125
2020-08-14,1646.72,1660.16,1619.84,1628.16,1628.16,422734.75
2020-08-13,1642.88,1654.4,1593.6,1632.64,1632.64,445583.875
2020-08-12,1659.52,1665.92,1620.16,1633.92,1633.92,443356.1875
2020-08-11,1609.6,1736.96,1601.92,1724.8,1724.8,564244.6875
2020-08-10,1672.96,1699.2,1642.24,1648,1648,402546.8125
2020-08-07,1731.84,1736.96,1681.28,1697.92,1697.92,461204.125
2020-08-06,1735.04,1749.12,1705.6,1711.36,1711.36,338087.1875
2020-08-05,1739.52,1765.12,1724.8,1730.56,1730.56,320294.875
2020-08-04,1815.04,1815.04,1761.92,1767.68,1767.68,307769.6875
2020-08-03,1811.84,1840.48,1799.04,1821.44,1821.44,313211.0625
2020-07-31,1818.88,1915.52,1816.32,1825.28,1825.28,480665.4375
2020-07-30,1911.04,2001.28,1856,1868.8,1868.8,508164.0625
2020-07-29,1841.28,1861.76,1818.88,1828.48,1828.48,327285.8125
2020-07-28,1877.12,1893.12,1806.72,1866.88,1866.88,400967.375
2020-07-27,1906.56,1931.84,1873.28,1877.76,1877.76,325843.375
2020-07-24,1985.28,2013.12,1928.96,1930.88,1930.88,515517.625
2020-07-23,1849.6,1963.52,1836.8,1924.48,1924.48,549448.875
2020-07-22,1897.6,1925.76,1864.32,1866.24,1866.24,352026.375
2020-07-21,1824,1910.4,1801.6,1887.36,1887.36,563092
2020-07-20,1934.08,1944.96,1838.72,1870.72,1870.72,419866.25
2020-07-17,2011.52,2030.72,1956.48,1959.68,1959.68,299212.4375
2020-07-16,2116.48,2116.48,2022.4,2032.64,2032.64,430481.5625
2020-07-15,2062.08,2155.52,2056.32,2064.64,2064.64,446011.125
2020-07-14,2257.28,2304.64,2119.68,2125.44,2125.44,720677.8125
2020-07-13,2035.84,2264.96,2030.72,2255.36,2255.36,538967.1875
2020-07-10,2129.92,2174.56,2056.32,2057.6,2057.6,357544
2020-07-09,2085.76,2208.64,2069.12,2115.84,2115.84,504686.625
2020-07-08,2104.96,2173.44,2077.44,2083.2,2083.2,386917.25
2020-07-07,2083.2,2144,2026.56,2136.96,2136.96,384743.8125
2020-07-06,2001.28,2089.92,1996.16,2065.92,2065.92,368838.625
2020-07-02,2019.2,2085.12,1985.92,2068.48,2068.48,436499.1875
2020-07-01,2135.68,2170.24,2090.24,2104.96,2104.96,387846
2020-06-30,2303.84,2310.4,2150.4,2172.8,2172.8,421149.8125
2020-06-29,2360.32,2438.24,2279.68,2283.52,2283.52,390107.25
2020-06-26,2268.8,2427.52,2260.48,2400,2400,698369.6875
2020-06-25,2389.12,2440.32,2256,2264.96,2264.96,559921.4375
2020-06-24,2284.8,2453.76,2220.16,2350.08,2350.08,1005800.0625
2020-06-23,2145.28,2221.44,2138.72,2204.8,2204.8,470089.0625
2020-06-22,2377.6,2408.96,2238.72,2245.76,2245.76,534746.9375
2020-06-19,2268.16,2440.32,2249.6,2360.96,2360.96,673206.375
2020-06-18,2402.56,2427.52,2321.92,2323.84,2323.84,406366.25
2020-06-17,2341.12,2433.28,2329.6,2366.72,2366.72,532475.4375
2020-06-16,2257.92,2496.8,2239.36,2359.68,2359.68,835025.6875
2020-06-15,2702.08,2791.68,2391.68,2414.08,2414.08,627676.1875
2020-06-12,2457.6,2881.92,2394.88,2477.44,2477.44,1063155.625
2020-06-11,2212.48,2707.2,2120.32,2663.04,2663.04,1620261.0625
2020-06-10,2016,2054.4,1913.6,1992.32,1992.32,474136.9375
2020-06-09,1964.16,2016.16,1949.44,2001.28,2001.28,374445.875
2020-06-08,1857.28,1927.04,1853.44,1908.48,1908.48,259175.6875
2020-06-05,1853.44,1893.12,1845.12,1866.88,1866.88,432436.6875
2020-06-04,2002.56,2021.12,1915.52,1973.76,1973.76,453100.8125
2020-06-03,2040.32,2050.56,1980.16,1989.76,1989.76,387810.125
2020-06-02,2126.08,2153.76,2077.44,2079.36,2079.36,356188.125
2020-06-01,2179.84,2188.16,2126.72,2138.88,2138.88,241876.125
2020-05-29,2218.24,2258.56,2120.32,2120.32,2120.32,509573.0625
2020-05-28,2147.84,2226.88,2120.64,2206.72,2206.72,363932.875
2020-05-27,2109.44,2262.4,2105.28,2121.6,2121.6,415954.8125
2020-05-26,2094.72,2182.72,2087.68,2165.12,2165.12,299913.1875
2020-05-22,2233.6,2267.52,2188.8,2198.4,2198.4,240019.6875
2020-05-21,2164.48,2264.32,2134.4,2219.52,2219.52,380229.5
2020-05-20,2199.04,2245.76,2156.8,2156.8,2156.8,506862.875
2020-05-19,2203.52,2310.4,2154.88,2305.92,2305.92,359765.25
2020-05-18,2182.4,2234.88,2163.84,2191.36,2191.36,395500
2020-05-15,2512,2557.44,2342.4,2342.4,2342.4,394489.125
2020-05-14,2660.48,2743.04,2398.08,2398.08,2398.08,542373.375
2020-05-13,2325.76,2634.24,2277.76,2537.6,2537.6,676985.3125
2020-05-12,2024.16,2304,2010.88,2297.6,2297.6,381756.5
2020-05-11,2296.96,2302.4,2080,2087.68,2087.68,295866.0625
2020-05-08,2333.44,2350.72,2236.8,2236.8,2236.8,305918.125
2020-05-07,2424.32,2438.08,2379.52,2398.08,2398.08,275656.625
2020-05-06,2430.72,2513.6,2413.28,2509.44,2509.44,236644.6875
2020-05-05,2476.8,2492.8,2403.84,2474.88,2474.88,278513.4375
2020-05-04,2725.12,2752,2571.52,2576.64,2576.64,211132.8125
2020-05-01,2630.4,2692.48,2579.84,2636.16,2636.16,322771.25
2020-04-30,2399.36,2510.08,2396.16,2423.68,2423.68,266638.875
2020-04-29,2359.04,2368.64,2294.4,2349.12,2349.12,315721.1875
2020-04-28,2374.4,2532.32,2365.44,2500.48,2500.48,354519.0625
2020-04-27,2589.44,2590.08,2426.24,2461.44,2461.44,360907.9375
2020-04-24,2762.88,2803.2,2653.44,2657.28,2657.28,230903.125
2020-04-23,2782.72,2872.32,2732.8,2819.84,2819.84,290082.625
2020-04-22,2862.08,2917.12,2797.44,2828.16,2828.16,251959.125
2020-04-21,2946.56,3081.6,2926.08,2970.88,2970.88,408330.625
2020-04-20,2634.88,2752,2568.32,2741.76,2741.76,301516.5
2020-04-17,2499.84,2586.88,2483.84,2499.2,2499.2,280729.0625
2020-04-16,2613.76,2683.52,2581.12,2607.36,2607.36,291647.3125
2020-04-15,2560,2651.52,2516.8,2586.24,2586.24,325723.125
2020-04-14,2457.6,2471.68,2368,2394.24,2394.24,280914.0625
2020-04-13,2643.2,2715.52,2599.68,2605.44,2605.44,231660.1875
2020-04-09,2696.32,2744.96,2648,2660.48,2660.48,365740.6875
2020-04-08,2741.76,2798.08,2682.88,2713.6,2713.6,326292
2020-04-07,2618.24,2794.24,2609.92,2778.24,2778.24,438229.625
2020-04-06,2695.04,2756.48,2657.28,2701.44,2701.44,309652.4375
2020-04-03,3008,3062.4,2880,2908.8,2908.8,417597
2020-04-02,3173.12,3225.6,3021.12,3031.04,3031.04,336484.8125
2020-04-01,3162.88,3256.96,3011.84,3214.08,3214.08,297730.375
2020-03-31,3136,3152.64,2906.88,2960,2960,492462.9375
2020-03-30,3233.28,3321.6,3109.12,3112.32,3112.32,499692.9375
2020-03-27,3221.76,3246.08,3098.24,3238.4,3238.4,366076.375
2020-03-26,3145.6,3181.44,2919.04,2919.68,2919.68,488084.0625
2020-03-25,3083.52,3370.88,3050.88,3257.6,3257.6,396208.625
2020-03-24,2679.04,3055.36,2528,3017.6,3017.6,569266.125
2020-03-23,3671.68,3778.56,3152,3272.32,3272.32,615589.9375
2020-03-20,3800.32,4037.12,3361.28,3875.2,3875.2,922715.25
2020-03-19,4723.2,4921.6,3577.6,3968,3968,1294213.875
2020-03-18,4220.8,5045.76,3958.4,4416,4416,1184722.5625
2020-03-17,3685.12,4007.68,3470.72,3744.64,3744.64,768622.75
2020-03-16,3520,3966.08,3298.56,3789.44,3789.44,759376.8125
2020-03-13,2695.68,3163.52,2689.28,2764.8,2764.8,1029835.5625
2020-03-12,2886.4,3121.92,2659.2,3031.04,3031.04,1017314.6875
2020-03-11,2357.76,2524.8,2326.4,2474.24,2474.24,770950
2020-03-10,2112,2378.24,2097.28,2183.04,2183.04,936199.125
2020-03-09,2601.6,2634.88,2250.24,2365.44,2365.44,1168311.8125
2020-03-06,2026.24,2091.52,1871.36,1908.48,1908.48,2200347.375
2020-03-05,1611.52,1771.52,1576.96,1707.52,1707.52,1901490.125
2020-03-04,1497.6,1554.56,1455.36,1472,1472,1365989.125
2020-03-03,1404.8,1605.12,1349.44,1564.8,1564.8,1960070.6875
2020-03-02,1420.8,1510.72,1402.24,1409.92,1409.92,1750974.625
2020-02-28,1581.44,1600,1451.52,1459.84,1459.84,2284415.25
2020-02-27,1321.6,1408,1287.04,1408,1408,2641469.9375
2020-02-26,1198.08,1256.96,1156.48,1211.52,1211.52,2096208
2020-02-25,1091.84,1270.4,1083.52,1237.76,1237.76,2811240.5
2020-02-24,1098.24,1136,1046.4,1130.88,1130.88,2263707.625
2020-02-21,926.72,979.2,917.76,953.6,953.6,1351563.625
2020-02-20,871.04,927.36,864,898.56,898.56,1293078
2020-02-19,864.64,874.24,858.88,867.84,867.84,565132.125
2020-02-18,881.92,897.92,868.48,880.64,880.64,639861.5625
2020-02-14,867.84,884.16,862.08,865.28,865.28,524564.5625
2020-02-13,885.76,894.048,865.92,876.16,876.16,527550.625
2020-02-12,887.04,891.52,856.32,857.6,857.6,623882.875
2020-02-11,888.32,907.52,883.2,903.68,903.68,576872.375
2020-02-10,928.64,928.64,898.56,902.4,902.4,557674.75
2020-02-07,928,938.88,905.6,920.32,920.32,727981.1875
2020-02-06,901.12,920.32,896,901.76,901.76,604680.625
2020-02-05,914.56,942.72,908.8,908.8,908.8,740552.3125
2020-02-04,954.24,960.64,935.04,949.12,949.12,739220.9375
2020-02-03,1010.56,1025.28,974.096,997.12,997.12,814747.75
2020-01-31,954.24,1068.8,954.24,1036.8,1036.8,1680916.3125
2020-01-30,986.88,1008,934.4,934.4,934.4,1050109.4375
2020-01-29,932.48,965.76,922.88,950.4,950.4,653174.5625
2020-01-28,981.12,988.8,944.64,949.12,949.12,839828
2020-01-27,990.08,1006.72,967.68,1005.44,1005.44,1292235.3125
2020-01-24,849.28,929.92,845.44,911.36,911.36,1602140.75
2020-01-23,880,894.08,860.8,863.36,863.36,545772.1875
2020-01-22,842.88,866.56,842.88,866.56,866.56,569870.125
2020-01-21,864,865.28,841.6,859.52,859.52,646997.375
2020-01-17,850.56,867.84,848,852.48,852.48,523288
2020-01-16,858.88,861.12,848.64,850.56,850.56,447814.75
2020-01-15,874.24,877.44,864.64,871.68,871.68,474860.1875
2020-01-14,882.56,889.6,864.64,874.24,874.24,522343.0625
2020-01-13,893.44,903.04,879.36,880.64,880.64,443186.5
2020-01-10,906.24,914.24,893.44,903.68,903.68,514498.25
2020-01-09,920.32,929.28,906.88,907.52,907.52,504249.0625
2020-01-08,954.24,960,917.12,947.2,947.2,755846.5625
2020-01-07,970.24,983.04,950.4,960.64,960.64,479548.375
2020-01-06,1007.36,1010.59,965.12,965.12,965.12,407812.125
2020-01-03,1002.88,1007.36,956.8,978.56,978.56,753446.875
2020-01-02,941.44,962.56,928,928.64,928.64,443860.5
2019-12-31,1022.08,1027.84,963.84,967.68,967.68,518241.75
2019-12-30,983.04,1021.44,982.4,1008.64,1008.64,535329.5
2019-12-27,951.04,984.96,950.4,974.72,974.72,413136.8125
2019-12-26,948.48,956.8,947.2,954.88,954.88,212362.4375
2019-12-24,961.92,966.464,953.6,956.16,956.16,161179.5
2019-12-23,960,968.32,958.08,965.76,965.76,236423.125
2019-12-20,947.84,962.56,944.64,962.56,962.56,393659.9375
2019-12-19,971.52,976,951.04,951.04,951.04,452278.1875
2019-12-18,954.24,976,951.52,975.36,975.36,465122.375
2019-12-17,963.2,977.92,958.08,965.76,965.76,473881.875
2019-12-16,964.48,973.44,952.32,972.8,972.8,534705.8125
2019-12-13,1032.32,1058.56,992.64,993.92,993.92,1152153.3125
2019-12-12,1099.52,1106.56,1035.52,1036.8,1036.8,1004233.4375
2019-12-11,1116.16,1122.56,1095.04,1102.08,1102.08,455203.875
2019-12-10,1120,1150.08,1105.28,1128.32,1128.32,556564.375
2019-12-09,1075.2,1127.36,1069.76,1126.4,1126.4,591598.875
2019-12-06,1066.88,1086.08,1061.12,1070.72,1070.72,612748.3125
2019-12-05,1106.56,1144.32,1104.64,1109.12,1109.12,522361.0625
2019-12-04,1141.76,1150.72,1109.76,1123.84,1123.84,666674.1875
2019-12-03,1199.36,1218.56,1171.84,1178.24,1178.24,1535577.6875
2019-12-02,1057.28,1128.32,1053.44,1113.6,1113.6,853712.375
2019-11-29,1046.4,1058.56,1041.92,1058.56,1058.56,269983.0625
2019-11-27,1033.92,1038.08,1030.4,1037.44,1037.44,295112
2019-11-26,1049.6,1056,1036.8,1042.56,1042.56,456070.625
2019-11-25,1081.6,1081.6,1053.44,1057.92,1057.92,441588.875
2019-11-22,1120.64,1132.8,1104.64,1105.92,1105.92,416268.875
2019-11-21,1128.32,1160.96,1125.76,1138.56,1138.56,483847.3125
2019-11-20,1128.32,1176.96,1112.32,1136,1136,718404.1875
2019-11-19,1106.56,1130.24,1102.08,1124.48,1124.48,473571.875
2019-11-18,1113.6,1125.12,1104.64,1112.32,1112.32,383172.0625
2019-11-15,1145.6,1150.72,1112.32,1113.6,1113.6,587490.625
2019-11-14,1185.92,1196.16,1163.52,1163.52,1163.52,351489.75
2019-11-13,1187.2,1192.32,1169.92,1182.72,1182.72,442439.9375
2019-11-12,1179.52,1185.92,1164.8,1174.4,1174.4,420948.375
2019-11-11,1216,1221.12,1177.6,1188.48,1188.48,362619.375
2019-11-08,1221.76,1233.92,1192,1192.96,1192.96,432277.9375
2019-11-07,1205.12,1228.16,1203.2,1218.56,1218.56,492054.6875
2019-11-06,1236.48,1254.82,1226.24,1230.08,1230.08,447808.75
2019-11-05,1216,1237.12,1212.8,1234.56,1234.56,357681.25
2019-11-04,1191.04,1219.84,1186.88,1209.6,1209.6,362404.125
2019-11-01,1226.24,1233.28,1205.76,1207.68,1207.68,507972
2019-10-31,1258.88,1292.8,1250.56,1264,1264,475285.375
2019-10-30,1278.08,1309.12,1243.84,1246.08,1246.08,608262.6875
2019-10-29,1290.88,1297.28,1269.44,1277.44,1277.44,365242.125
2019-10-28,1261.44,1283.2,1257.6,1278.72,1278.72,416233.25
2019-10-25,1316.48,1318.4,1265.92,1266.56,1266.56,408231.8125
2019-10-24,1316.48,1340.8,1306.88,1309.44,1309.44,394110.875
2019-10-23,1353.6,1354.88,1327.04,1328,1328,277723.875
2019-10-22,1317.12,1345.92,1306.88,1344.64,1344.64,318269.4375
2019-10-21,1344,1349.12,1322.24,1323.52,1323.52,292722.1875
2019-10-18,1368.32,1392.64,1345.92,1359.36,1359.36,509496.3125
2019-10-17,1357.44,1371.52,1341.76,1362.56,1362.56,408687.5625
2019-10-16,1386.24,1400.32,1367.68,1370.88,1370.88,443111.3125
2019-10-15,1397.76,1401.6,1367.04,1388.16,1388.16,721777.25
2019-10-14,1477.76,1479.04,1423.36,1425.28,1425.28,470378.6875
2019-10-11,1516.8,1524.48,1447.68,1473.28,1473.28,1162284.75
2019-10-10,1620.48,1625.6,1558.72,1563.52,1563.52,544039.5625
2019-10-09,1628.8,1653.12,1584.64,1623.04,1623.04,468948.4375
2019-10-08,1612.8,1681.28,1595.52,1679.36,1679.36,772960.6875
2019-10-07,1562.88,1579.52,1520.64,1553.28,1553.28,454530.9375
2019-10-04,1616,1617.28,1539.2,1541.76,1541.76,466014.5625
2019-10-03,1687.04,1734.4,1627.52,1628.16,1628.16,804943.5625
2019-10-02,1630.72,1712.64,1630.08,1692.8,1692.8,1315259.0625
2019-10-01,1480.32,1587.2,1475.2,1586.56,1586.56,750981.75
2019-09-30,1547.52,1549.44,1502.72,1519.36,1519.36,376854.9375
2019-09-27,1504.64,1607.36,1496.32,1565.44,1565.44,847460.3125
2019-09-26,1507.2,1552.64,1505.92,1523.84,1523.84,490978
2019-09-25,1542.4,1598.08,1497.6,1511.04,1511.04,677641.1875
2019-09-24,1441.28,1557.76,1436.8,1546.24,1546.24,998139.75
2019-09-23,1496.32,1500.16,1452.8,1477.76,1477.76,361197.9375
2019-09-20,1402.88,1502.72,1397.12,1490.56,1490.56,599333.9375
2019-09-19,1424,1428.16,1395.2,1417.6,1417.6,516793.375
2019-09-18,1478.4,1516.26,1440,1443.84,1443.84,849693.5625
2019-09-17,1503.36,1518.72,1490.56,1491.84,1491.84,393145.5625
2019-09-16,1510.4,1514.88,1472.64,1498.88,1498.88,436619.6875
2019-09-13,1482.24,1493.12,1460.48,1477.12,1477.12,509365.3125
2019-09-12,1508.48,1529.6,1482.88,1500.8,1500.8,670226.75
2019-09-11,1559.68,1565.44,1527.04,1537.28,1537.28,524170.3125
2019-09-10,1588.48,1611.52,1557.76,1561.6,1561.6,467411.1875
2019-09-09,1553.28,1608.96,1550.08,1566.72,1566.72,487856.0625
2019-09-06,1608.96,1620.16,1574.4,1582.08,1582.08,477693.75
2019-09-05,1650.56,1654.4,1609.6,1630.08,1630.08,649374.4375
2019-09-04,1733.76,1765.76,1691.52,1692.8,1692.8,571888.5625
2019-09-03,1792,1820.8,1761.28,1804.16,1804.16,563704.6875
2019-08-30,1683.2,1768.96,1683.2,1728,1728,439527.625
2019-08-29,1739.52,1756.16,1701.12,1718.4,1718.4,449262.8125
2019-08-28,1877.12,1904,1792,1793.28,1793.28,437583.6875
2019-08-27,1768.32,1880.96,1762.56,1834.88,1834.88,416898.8125
2019-08-26,1761.92,1854.08,1756.16,1798.4,1798.4,505824.25
2019-08-23,1704.32,1885.44,1629.44,1853.44,1853.44,1223331.8125
2019-08-22,1605.76,1693.44,1604.8,1648,1648,486831.25
2019-08-21,1633.92,1646.72,1616,1619.2,1619.2,446523
2019-08-20,1680.64,1714.56,1664.64,1702.4,1702.4,430030
2019-08-19,1718.4,1727.84,1656.32,1662.72,1662.72,445169.375
2019-08-16,1861.76,1864.96,1789.44,1793.92,1793.92,430576.875
2019-08-15,1902.08,1984,1879.84,1898.88,1898.88,615261.6875
2019-08-14,1829.76,1952,1796.48,1949.76,1949.76,1048608.375
2019-08-13,1878.4,1881.6,1709.44,1712.64,1712.64,655572.125
2019-08-12,1750.4,1855.36,1744,1848.96,1848.96,427888.5625
2019-08-09,1691.52,1757.76,1675.52,1723.52,1723.52,598408.0625
2019-08-08,1731.84,1754.24,1655.68,1662.72,1662.72,537017.6875
2019-08-07,1884.16,1925.76,1758.72,1767.68,1767.68,852093.625
2019-08-06,1806.08,1898.88,1758.72,1758.72,1758.72,935146.625
2019-08-05,1758.08,1896,1745.92,1875.2,1875.2,1354115.5
2019-08-02,1632,1708.16,1617.28,1642.24,1642.24,1114226.625
2019-08-01,1512.96,1672.96,1443.52,1628.8,1628.8,1704487.4375
2019-07-31,1427.84,1557.76,1403.52,1509.76,1509.76,828719.75
2019-07-30,1424.64,1438.08,1404.16,1429.76,1429.76,366572.6875
2019-07-29,1388.16,1408,1381.76,1397.12,1397.12,259622.8125
2019-07-26,1394.56,1397.12,1373.44,1384.96,1384.96,295335.5625
2019-07-25,1386.24,1446.4,1386.24,1420.8,1420.8,466598.625
2019-07-24,1429.76,1431.68,1370.24,1378.56,1378.56,294144.9375
2019-07-23,1440.64,1464.32,1413.12,1414.4,1414.4,295990
2019-07-22,1494.4,1502.72,1455.36,1466.24,1466.24,342320.5625
2019-07-19,1450.88,1499.52,1445.76,1496.32,1496.32,409700
2019-07-18,1493.76,1517.76,1453.44,1479.36,1479.36,423067.5
2019-07-17,1445.12,1495.04,1436.16,1495.04,1495.04,454014.3125
2019-07-16,1446.4,1465.6,1426.56,1457.92,1457.92,397116.75
2019-07-15,1452.16,1467.52,1445.12,1453.44,1453.44,249147.0625
2019-07-12,1472.64,1484.16,1456,1459.2,1459.2,287903.6875
2019-07-11,1486.72,1510.4,1473.6,1482.88,1482.88,329081.0625
2019-07-10,1534.72,1535.17,1503.68,1507.84,1507.84,310438.25
2019-07-09,1597.44,1597.44,1550.08,1555.2,1555.2,234752.375
2019-07-08,1543.68,1566.08,1529.6,1550.72,1550.72,281474.5625
2019-07-05,1536.64,1581.44,1504,1509.12,1509.12,376951.3125
2019-07-03,1514.88,1528.32,1498.88,1504.64,1504.64,247020.375
2019-07-02,1574.4,1574.4,1511.04,1513.6,1513.6,406601.6875
2019-07-01,1571.2,1605.12,1565.44,1571.84,1571.84,473476
2019-06-28,1672.32,1683.2,1655.68,1664,1664,275385.25
2019-06-27,1705.6,1714.88,1676.8,1690.88,1690.88,232669.25
2019-06-26,1697.28,1731.2,1688.96,1717.76,1717.76,212291.25
2019-06-25,1689.6,1739.52,1687.68,1731.2,1731.2,270263.375
2019-06-24,1692.8,1697.28,1672.96,1688.32,1688.32,197421.375
2019-06-21,1676.8,1715.84,1656.64,1703.68,1703.68,308448.3125
2019-06-20,1629.44,1716.48,1616.64,1664.64,1664.64,538190.5
2019-06-19,1705.6,1723.52,1656.32,1659.52,1659.52,463613.25
2019-06-18,1698.56,1726.72,1686.4,1716.48,1716.48,388900.8125
2019-06-17,1746.56,1751.04,1720.48,1729.92,1729.92,226097.0625
2019-06-14,1779.2,1795.84,1745.92,1748.48,1748.48,213796.6875
2019-06-13,1756.8,1785.92,1749.12,1767.04,1767.04,266435.3125
2019-06-12,1799.04,1811.2,1770.24,1777.92,1777.92,222269.375
2019-06-11,1753.6,1811.2,1747.2,1786.24,1786.24,294398.9375
2019-06-10,1773.44,1807.36,1767.04,1783.04,1783.04,226258.75
2019-06-07,1777.28,1802.4,1766.4,1795.84,1795.84,364482.375
2019-06-06,1807.36,1827.2,1777.28,1782.4,1782.4,289018.75
2019-06-05,1833.6,1877.12,1811.84,1821.44,1821.44,366874.5625
2019-06-04,1907.84,1935.36,1856,1857.28,1857.28,377679.3125
2019-06-03,1945.6,2010.24,1908.48,1966.72,1966.72,453707.3125
2019-05-31,1966.72,1976.96,1913.92,1946.88,1946.88,451955.75
2019-05-30,1863.04,1912.32,1846.08,1875.84,1875.84,316830.6875
2019-05-29,1912.96,1943.68,1876.48,1909.76,1909.76,515953.75
2019-05-28,1806.08,1873.28,1776.64,1873.28,1873.28,345911.5625
2019-05-24,1802.88,1843.2,1784.32,1818.88,1818.88,384208.625
2019-05-23,1808,1888,1808,1857.28,1857.28,667901.0625
2019-05-22,1766.4,1772.16,1723.52,1742.08,1742.08,438678.6875
2019-05-21,1792,1793.28,1752.96,1758.72,1758.72,366488
2019-05-20,1875.84,1907.2,1817.6,1852.16,1852.16,511520.875
2019-05-17,1871.36,1872.64,1774.72,1825.28,1825.28,683473.75
2019-05-16,1864.32,1865.6,1786.24,1798.4,1798.4,486389.3125
2019-05-15,2016,2029.92,1873.28,1879.04,1879.04,501379.125
2019-05-14,1999.36,2012.16,1934.72,1961.6,1961.6,575850.1875
2019-05-13,2026.88,2085.76,1972.48,2076.8,2076.8,938361.75
2019-05-10,1976.32,2024.96,1804.16,1804.16,1804.16,952434.9375
2019-05-09,2073.6,2130.56,1949.44,1955.2,1955.2,944547.5
2019-05-08,1983.36,2018.56,1895.04,1965.44,1965.44,698199.5625
2019-05-07,1818.24,2052.48,1800.96,2005.12,2005.12,1335839.3125
2019-05-06,1789.44,1806.08,1706.24,1719.04,1719.04,681411.6875
2019-05-03,1663.36,1666.56,1619.84,1626.88,1626.88,264457.8125
2019-05-02,1705.6,1775.36,1680.64,1708.16,1708.16,373993.75
2019-05-01,1624.96,1706.88,1616,1705.6,1705.6,406882.5625
2019-04-30,1637.12,1690.24,1632,1643.52,1643.52,302609.75
2019-04-29,1628.8,1644.8,1615.04,1643.52,1643.52,238843.3125
2019-04-26,1658.24,1684.48,1616.64,1618.56,1618.56,298938.75
2019-04-25,1658.88,1723.84,1640.96,1676.8,1676.8,443586.875
2019-04-24,1605.76,1644.8,1602.56,1644.8,1644.8,375179.6875
2019-04-23,1606.4,1615.36,1591.04,1603.2,1603.2,311611.75
2019-04-22,1648,1661.44,1614.72,1616,1616,238442.6875
2019-04-18,1651.2,1684.48,1627.52,1630.72,1630.72,402619.6875
2019-04-17,1617.92,1685.76,1615.36,1656.96,1656.96,409636.5625
2019-04-16,1648,1657.6,1626.88,1645.44,1645.44,285640.6875
2019-04-15,1655.68,1725.44,1651.2,1658.88,1658.88,402023.4375
2019-04-12,1724.8,1726.08,1674.56,1680.64,1680.64,392452.5
2019-04-11,1770.88,1783.68,1754.24,1760,1760,301689.75
2019-04-10,1829.76,1843.2,1792,1795.2,1795.2,259753.1875
2019-04-09,1807.36,1857.92,1797.12,1847.04,1847.04,311290.375
2019-04-08,1796.48,1809.92,1779.52,1783.68,1783.68,286189.0625
2019-04-05,1806.08,1818.88,1790.08,1792,1792,328320.3125
2019-04-04,1836.8,1859.84,1815.04,1828.48,1828.48,296258.5
2019-04-03,1804.8,1874.24,1799.68,1847.04,1847.04,367545.125
2019-04-02,1845.76,1854.72,1825.92,1834.24,1834.24,293641.8125
2019-04-01,1854.08,1867.52,1832.96,1839.36,1839.36,339645.625
2019-03-29,1896.96,1907.84,1866.88,1872.64,1872.64,420966.125
2019-03-28,1963.52,1989.76,1926.72,1932.16,1932.16,409412.4375
2019-03-27,1941.76,2055.04,1927.68,1976.32,1976.32,616587.9375
2019-03-26,1971.2,1998.72,1934.08,1946.88,1946.88,414492.75
2019-03-25,2056.96,2112,2012.16,2063.36,2063.36,698819.0625
2019-03-22,1879.68,2066.56,1861.12,2053.12,2053.12,1100115.125
2019-03-21,1893.76,1893.76,1820.96,1841.92,1841.92,380027.25
2019-03-20,1851.52,1888.64,1807.36,1866.24,1866.24,543555.625
2019-03-19,1802.24,1875.84,1799.68,1846.4,1846.4,488056.9375
2019-03-18,1843.84,1872.64,1818.24,1834.24,1834.24,332276.3125
2019-03-15,1856,1861.12,1805.44,1829.76,1829.76,364855.4375
2019-03-14,1897.6,1900.96,1858.56,1864.32,1864.32,308407.1875
2019-03-13,1903.36,1914.24,1879.04,1895.68,1895.68,349310.8125
2019-03-12,1952,1960.96,1913.6,1916.16,1916.16,347006.875
2019-03-11,2087.04,2087.04,1964.8,1971.84,1971.84,416347.125
2019-03-08,2177.28,2213.76,2124.16,2126.72,2126.72,609605.875
2019-03-07,2059.52,2153.6,2055.68,2112.64,2112.64,620270.75
2019-03-06,1976.96,2048,1975.04,2035.2,2035.2,402467.0625
2019-03-05,1960.32,2008.96,1950.72,1976.96,1976.96,308232.5625
2019-03-04,1896.96,2067.2,1873.28,1965.44,1965.44,698753.625
2019-03-01,1957.12,1995.52,1918.72,1918.72,1918.72,336427.5625
2019-02-28,2012.8,2019.84,1971.2,2010.24,2010.24,236412.6875
2019-02-27,2032.64,2085.12,1994.88,2011.52,2011.52,307788.875
2019-02-26,2023.04,2035.2,1976.96,2009.6,2009.6,236500.25
2019-02-25,1913.6,1994.88,1891.84,1992.96,1992.96,319381.3125
2019-02-22,2000,2006.4,1953.28,1957.76,1957.76,302864.8125
2019-02-21,2017.28,2066.24,1981.92,2034.56,2034.56,370278.4375
2019-02-20,2077.44,2077.44,2006.56,2008.32,2008.32,361074.375
2019-02-19,2122.88,2129.28,2064,2092.16,2092.16,249556.3125
2019-02-15,2117.76,2134.4,2081.6,2085.76,2085.76,376511.9375
2019-02-14,2171.52,2210.56,2120.32,2161.28,2161.28,411405.25
2019-02-13,2110.72,2147.2,2100.48,2122.88,2122.88,287719.9375
2019-02-12,2116.48,2142.08,2102.4,2128,2128,327608
2019-02-11,2161.28,2200.32,2145.28,2167.04,2167.04,212476.5
2019-02-08,2268.16,2289.28,2186.24,2190.72,2190.72,300423.5625
2019-02-07,2211.2,2304.64,2177.28,2217.6,2217.6,465413.5
2019-02-06,2140.16,2170.24,2117.12,2145.92,2145.92,262475
2019-02-05,2156.8,2174.72,2109.44,2157.44,2157.44,323082
2019-02-04,2235.52,2250.24,2165.76,2176,2176,288778
2019-02-01,2261.12,2281.6,2233.6,2245.76,2245.76,390571.125
2019-01-31,2361.6,2362.88,2267.52,2267.52,2267.52,345210.8125
2019-01-30,2433.92,2478.08,2360.96,2365.44,2365.44,327551.5
2019-01-29,2451.84,2515.2,2431.68,2474.24,2474.24,249118
2019-01-28,2469.76,2559.36,2467.2,2481.28,2481.28,310367.25
2019-01-25,2421.12,2437.12,2376.32,2382.72,2382.72,189887.9375
2019-01-24,2569.6,2600.96,2441.6,2475.52,2475.52,114258.6875
2019-01-23,2541.44,2719.36,2534.4,2566.4,2566.4,100403
2019-01-22,2400,2615.68,2393.6,2580.48,2580.48,92678.625
2019-01-18,2364.16,2399.36,2325.76,2371.84,2371.84,40542.1875
2019-01-17,2476.8,2477.44,2394.88,2432,2432,38990.75
2019-01-16,2385.92,2459.52,2376.32,2459.52,2459.52,72687.8125
2019-01-15,2499.2,2510.08,2407.68,2410.88,2410.88,35289.0625
2019-01-14,2585.6,2586.24,2485.12,2520.32,2520.32,18544.6875
2019-01-11,2636.8,2644.48,2512.64,2513.28,2513.28,85357.4375
2019-01-10,2672,2705.92,2597.76,2597.76,2597.76,28311.25
2019-01-09,2666.88,2687.36,2595.84,2625.28,2625.28,62386.5625
2019-01-08,2696.96,2791.68,2680.32,2688.64,2688.64,14772.8125
2019-01-07,2785.92,2825.12,2710.4,2744.32,2744.32,40057.6875
2019-01-04,2931.84,2945.92,2798.72,2807.04,2807.04,20399.1875
2019-01-03,2982.4,3114.24,2962.56,3048.96,3048.96,15935.8125
2019-01-02,3102.08,3123.04,2908.16,2927.36,2927.36,32107.8125
2018-12-31,3038.72,3075.2,3000.96,3007.36,3007.36,12618.125
2018-12-28,3127.04,3219.2,3047.68,3117.44,3117.44,19490.3125
2018-12-27,3180.16,3326.72,3098.24,3122.56,3122.56,15858.125
2018-12-26,3145.6,3216,2991.36,2995.84,2995.84,12962.9375
2018-12-24,3053.44,3165.44,3035.52,3163.52,3163.52,6775.0625
2018-12-21,2871.04,3046.4,2828.16,3012.48,3012.48,34920.5625
2018-12-20,2800,2953.6,2753.28,2867.84,2867.84,3321.6875
2018-12-19,2720,2813.44,2599.04,2728.96,2728.96,4941.6875
2018-12-18,2681.6,2812.8,2675.84,2738.56,2738.56,80678.875
2018-12-17,2622.72,2778.24,2584.32,2725.76,2725.76,58179.0625
2018-12-14,2554.24,2613.12,2521.6,2598.4,2598.4,1231.8125
2018-12-13,2502.4,2553.6,2469.76,2496.64,2496.64,17303.375
2018-12-12,2490.24,2536.32,2459.52,2535.68,2535.68,1666.875
2018-12-11,2475.52,2640.64,2469.76,2556,2556,15607.3125
2018-12-10,2584.32,2707.2,2540.16,2555.52,2555.52,1568.875
2018-12-07,2410.88,2623.36,2370.56,2580.48,2580.48,6398.4375
2018-12-06,2545.28,2663.68,2403.84,2418.56,2418.56,4653.9375
2018-12-04,2066.56,2392.96,2064.64,2357.76,2357.76,1880.8125
2018-12-03,2048,2108.8,2037.12,2086.4,2086.4,47431.8125
2018-11-30,2272.64,2272.64,2195.2,2206.08,2206.08,296.125
2018-11-29,2263.68,2337.92,2237.44,2270.08,2270.08,470.25
2018-11-28,2262.72,2313.6,2211.2,2229.76,2229.76,770.9375
2018-11-27,2380.16,2383.36,2291.84,2297.6,2297.6,364
2018-11-26,2424.32,2424.32,2337.92,2339.2,2339.2,358
2018-11-23,2508.8,2519.68,2461.44,2479.36,2479.36,167.875
2018-11-21,2441.12,2490.88,2428.8,2458.24,2458.24,951.75
2018-11-20,2526.72,2578.72,2479.36,2517.12,2517.12,1625.375
2018-11-19,2254.08,2396.8,2246.4,2384,2384,1067.8125
2018-11-16,2400.64,2416,2244.48,2252.16,2252.16,371.75
2018-11-15,2427.52,2427.52,2350.72,2360.32,2360.32,468.5
2018-11-14,2280.32,2440.32,2278.4,2385.28,2385.28,431.5
2018-11-13,2304.64,2387.2,2266.24,2325.12,2325.12,581.3125
2018-11-12,2154.88,2316.8,2154.88,2307.84,2307.84,954.8125
2018-11-09,2101.12,2184.96,2099.04,2126.88,2126.88,375.8125
2018-11-08,2072.32,2098.72,2029.44,2080,2080,161.0625
2018-11-07,2164.48,2164.48,2083.2,2089.6,2089.6,956.25
2018-11-06,2321.28,2327.68,2245.12,2245.12,2245.12,227.125
2018-11-05,2352.64,2360.96,2307.2,2323.84,2323.84,142.3125
2018-11-02,2291.84,2428.8,2272,2346.24,2346.24,559.875
2018-11-01,2421.12,2449.28,2325.76,2327.68,2327.68,639.125
2018-10-31,2434.56,2467.2,2370.56,2405.12,2405.12,417.625
2018-10-30,2602.24,2602.24,2478.08,2483.84,2483.84,669.5
2018-10-29,2462.72,2696.96,2435.2,2581.76,2581.76,720.375
2018-10-26,2586.24,2665.6,2481.92,2559.36,2559.36,1897.8125
2018-10-25,2451.2,2513.28,2375.04,2423.04,2423.04,687.375
2018-10-24,2281.6,2474.24,2272,2474.24,2474.24,299.6875
2018-10-23,2404.48,2467.84,2257.28,2296.96,2296.96,829.1875
2018-10-22,2179.2,2302.72,2179.2,2213.12,2213.12,289.4375
2018-10-19,2179.84,2270.72,2160,2193.28,2193.28,385.8125
2018-10-18,2126.72,2284.16,2105.6,2230.4,2230.4,224.625
2018-10-17,2043.52,2184.32,2043.52,2077.44,2077.44,1141
2018-10-16,2140.16,2156.16,2046.72,2053.12,2053.12,4147.6875
2018-10-15,2227.36,2280.96,2165.76,2193.28,2193.28,372.8125
2018-10-12,2152.96,2378.24,2152.96,2180.48,2180.48,261.375
2018-10-11,2149.12,2457.6,2096.64,2359.04,2359.04,1516.9375
2018-10-10,1913.6,2178.56,1913.6,2172.8,2172.8,1161.125
2018-10-09,1880.32,1882.88,1861.12,1861.12,1861.12,34.5
2018-10-08,1868.16,1948.16,1827.36,1832.96,1832.96,351.9375
2018-10-05,1747.2,1909.76,1732.48,1807.36,1807.36,406.5
2018-10-04,1719.04,1843.2,1707.52,1779.2,1779.2,290.75
2018-10-03,1667.84,1692.16,1666.56,1676.8,1676.8,355.625
2018-10-02,1696,1697.28,1684.48,1689.6,1689.6,72.75
2018-10-01,1664,1704.96,1660.16,1689.6,1689.6,71.625
2018-09-28,1722.88,1722.88,1708.8,1708.8,1708.8,105.375
2018-09-27,1719.04,1719.04,1711.36,1711.36,1711.36,442.1875
2018-09-26,1699.84,1728,1690.88,1728,1728,44.0625
2018-09-25,1685.76,1722.88,1685.76,1722.88,1722.88,59.125
2018-09-24,1715.2,1743.36,1706.24,1706.88,1706.88,57
2018-09-21,1706.24,1706.56,1683.2,1700.16,1700.16,168.6875
2018-09-20,1707.52,1712.64,1692.16,1704.96,1704.96,340.5625
2018-09-19,1744,1744,1724.16,1733.12,1733.12,163.875
2018-09-18,1790.72,1795.84,1768.96,1795.2,1795.2,147.125
2018-09-17,1749.76,1804.8,1744.64,1804.8,1804.8,596.5
2018-09-14,1768.32,1779.2,1750.4,1750.4,1750.4,74.25
2018-09-13,1800.96,1800.96,1788.16,1788.16,1788.16,42.9375
2018-09-12,1855.36,1855.36,1829.76,1838.08,1838.08,99.125
2018-09-11,1941.76,1946.88,1862.4,1862.4,1862.4,38.3125
2018-09-10,1939.84,1939.84,1905.92,1918.72,1918.72,155.25
2018-09-07,1987.84,2000,1955.2,1971.84,1971.84,123.25
2018-09-06,1934.08,1979.52,1914.88,1943.04,1943.04,765.9375
2018-09-05,1920,1930.24,1884.16,1885.44,1885.44,90.875
2018-09-04,1889.28,1917.44,1873.92,1873.92,1873.92,302.375
2018-08-31,1872,1912.32,1848.96,1900.16,1900.16,209.125
2018-08-30,1853.44,1896,1852.16,1888.64,1888.64,40.375
2018-08-29,1853.44,1853.44,1833.6,1833.6,1833.6,101.375
2018-08-28,1843.2,1857.28,1834.24,1851.52,1851.52,50.8125
2018-08-27,1834.08,1849.6,1831.68,1849.6,1849.6,94.8125
2018-08-24,1824,1848.32,1818.88,1847.04,1847.04,302.75
2018-08-23,1854.72,1867.52,1832.96,1857.92,1857.92,77.8125
2018-08-22,1885.44,1885.44,1852.8,1852.8,1852.8,280.25
2018-08-21,1835.52,1886.72,1835.52,1885.44,1885.44,124.5625
2018-08-20,1848.32,1854.72,1838.08,1848.32,1848.32,71
2018-08-17,1968.64,1973.76,1881.6,1887.36,1887.36,668.125
2018-08-16,1969.92,1969.92,1912.32,1934.72,1934.72,509.4375
2018-08-15,2045.44,2168.32,2026.24,2046.72,2046.72,1853.5
2018-08-14,1982.72,2016,1926.4,1926.4,1926.4,870
2018-08-13,1937.92,2032.64,1877.76,2028.8,2028.8,684.75
2018-08-10,1908.64,1952,1889.28,1917.44,1917.44,810.9375
2018-08-09,1788.8,1827.2,1783.04,1825.92,1825.92,212.1875
2018-08-08,1794.56,1794.56,1794.08,1794.08,1794.08,34.875
2018-08-07,1845.76,1845.76,1825.92,1827.84,1827.84,513.9375
2018-08-06,1928.96,1928.96,1873.12,1873.12,1873.12,409.625
2018-08-03,1931.52,1932.8,1928,1928.96,1928.96,34.5625
2018-08-02,2051.04,2051.04,1963.52,1963.52,1963.52,15.8125
2018-08-01,1987.84,2010.88,1964.8,1984,1984,30.1875
2018-07-31,2008.32,2008.32,2008.32,2008.32,2008.32,14.875
2018-07-30,1994.24,2056.32,1994.24,2056.32,2056.32,58.5
2018-07-27,1958.4,2056.32,1946.24,2018.56,2018.56,47.9375
2018-07-26,1948.16,1954.56,1948.16,1954.56,1954.56,93.125
2018-07-25,1975.04,1984,1932.8,1949.44,1949.44,468.3125
2018-07-24,1941.76,2012.16,1941.76,1967.36,1967.36,190.1875
2018-07-23,1992.96,2022.4,1992.96,2019.84,2019.84,54.5
2018-07-20,2024.32,2025.6,1994.24,2001.12,2001.12,41.875
2018-07-19,1996.8,2007.68,1991.68,1996.8,1996.8,39.3125
2018-07-18,1955.84,1990.4,1944.32,1955.84,1955.84,80.4375
2018-07-17,1966.72,1966.72,1966.08,1966.08,1966.08,160.0625
2018-07-16,1998.08,2025.92,1991.68,1999.36,1999.36,436.4375
2018-07-13,2042.88,2042.88,2030.56,2030.56,2030.56,167.375
2018-07-12,2076.16,2076.16,2048,2048,2048,42.125
2018-07-11,2106.88,2127.36,2100.48,2101.76,2101.76,26
2018-07-10,2059.52,2062.72,2034.56,2034.56,2034.56,245.375
2018-07-09,2112,2112,2078.08,2078.72,2078.72,879.1875
2018-07-06,2245.12,2245.12,2199.36,2199.36,2199.36,13.6875
2018-07-05,2314.24,2314.24,2314.24,2314.24,2314.24,2.5
2018-07-03,2415.36,2415.36,2415.36,2415.36,2415.36,0.9375
2018-07-02,2502.4,2502.4,2415.36,2415.36,2415.36,48.0625
2018-06-29,2351.36,2368,2302.08,2362.88,2362.88,29.125
2018-06-28,2543.36,2545.92,2503.04,2508.8,2508.8,31.375
2018-06-27,2314.24,2479.36,2308.48,2464,2464,89.8125
2018-06-26,2383.36,2391.04,2296.32,2338.56,2338.56,23.6875
2018-06-25,2256.64,2499.2,2256.64,2438.4,2438.4,1640.5
2018-06-22,2113.28,2147.52,2105.6,2132.48,2132.48,26.8125
2018-06-21,2065.92,2220.8,2065.92,2189.44,2189.44,583.6875
2018-06-20,2058.24,2058.24,2031.36,2053.76,2053.76,820.875
2018-06-19,2125.44,2157.44,2097.92,2101.6,2101.6,74.4375
2018-06-18,2085.76,2085.76,1998.08,1999.84,1999.84,273.8125
2018-06-15,2048,2049.28,2023.68,2023.68,2023.68,33.9375
2018-06-14,2022.4,2022.4,1998.08,2001.44,2001.44,41.9375
2018-06-13,2026.24,2068.48,2026.24,2056.96,2056.96,23.4375
2018-06-12,2033.92,2046.72,2033.92,2046.72,2046.72,22.0625
2018-06-11,2092.8,2092.8,2048,2053.12,2053.12,73.0625
2018-06-08,2075.52,2075.52,2075.52,2075.52,2075.52,2.5
2018-06-07,2062.72,2152.96,2062.72,2100.48,2100.48,188.0625
2018-06-06,2118.4,2118.4,2076.16,2076.16,2076.16,21.875
2018-06-05,2177.28,2177.28,2177.28,2177.28,2177.28,4.625
2018-06-04,2248.32,2248.32,2248.32,2248.32,2248.32,2.625
2018-06-01,2261.12,2261.76,2248.32,2248.32,2248.32,162.125
2018-05-31,2364.8,2388.48,2333.44,2364.16,2364.16,59.25
2018-05-30,2362.88,2362.88,2339.84,2339.84,2339.84,44.6875
2018-05-29,2307.84,2523.52,2307.84,2458.88,2458.88,150.625
2018-05-25,2187.52,2187.52,2164.48,2164.48,2164.48,11.875
2018-05-24,2216.96,2271.36,2187.52,2187.52,2187.52,106.6875
2018-05-23,2300.16,2300.16,2174.72,2174.72,2174.72,25.0625
2018-05-22,2191.52,2191.52,2191.52,2191.52,2191.52,5.875
2018-05-21,2154.24,2195.84,2154.24,2176,2176,51.1875
2018-05-18,2269.44,2271.36,2266.88,2266.88,2266.88,24.9375
2018-05-17,2295.68,2295.68,2250.88,2250.88,2250.88,24.0625
2018-05-16,2336,2336,2287.36,2308.16,2308.16,12.0625
2018-05-15,2340.48,2387.2,2324.48,2387.2,2387.2,26.0625
2018-05-14,2225.92,2225.92,2225.92,2225.92,2225.92,4.75
2018-05-11,2330.88,2352.64,2293.12,2293.12,2293.12,1167.8125
2018-05-10,2343.04,2349.44,2343.04,2349.44,2349.44,12.25
2018-05-09,2511.36,2511.36,2476.16,2482.56,2482.56,45.75
2018-05-08,2544,2544,2544,2544,2544,5
2018-05-07,2552.96,2552.96,2544,2544,2544,16.625
2018-05-04,2579.2,2579.2,2579.2,2579.2,2579.2,3.375
2018-05-03,2686.72,2800,2686.72,2752,2752,35.375
2018-05-02,2596.48,2602.24,2544.64,2544.64,2544.64,9.1875
2018-05-01,2707.2,2711.04,2707.2,2711.04,2711.04,4.5625
2018-04-30,2625.28,2625.28,2625.28,2625.28,2625.28,0.25
2018-04-27,2671.36,2671.36,2651.2,2651.2,2651.2,4.5625
2018-04-26,2800.64,2800.64,2708.48,2717.44,2717.44,20.25
2018-04-25,2928,2928,2835.2,2851.2,2851.2,71.25
2018-04-24,2661.76,2661.76,2661.76,2661.76,2661.76,12.5625
2018-04-23,2681.6,2681.6,2629.76,2662.4,2662.4,22.9375
2018-04-20,2723.2,2723.2,2695.04,2695.04,2695.04,20
2018-04-19,2667.52,2709.76,2621.44,2622.08,2622.08,367.5
2018-04-18,2640.64,2640.64,2593.28,2595.84,2595.84,29.6875
2018-04-17,2579.2,2579.2,2579.2,2579.2,2579.2,11.1875
2018-04-16,2793.6,2793.6,2793.6,2793.6,2793.6,8.8125
2018-04-13,2942.72,2942.72,2942.72,2942.72,2942.72,12
2018-04-12,3077.76,3077.76,3077.76,3077.76,3077.76,11.8125
2018-04-11,3187.2,3187.2,3187.2,3187.2,3187.2,2.125
2018-04-10,3187.2,3187.2,3187.2,3187.2,3187.2,1.75
2018-04-09,3187.2,3187.2,3187.2,3187.2,3187.2,16.125
2018-04-06,3066.24,3308.8,3066.24,3187.2,3187.2,14.25
2018-04-05,3031.68,3031.68,3031.68,3031.68,3031.68,31.1875
2018-04-04,3367.68,3374.08,3106.56,3115.52,3115.52,43.375
2018-04-03,3235.84,3274.88,3175.68,3175.68,3175.68,9.3125
2018-04-02,3114.24,3418.88,3100.16,3317.76,3317.76,70.75
2018-03-29,3136,3136,3136,3136,3136,6.125
2018-03-28,3278.72,3296,3206.08,3206.08,3206.08,820.8125
2018-03-27,2963.2,3238.4,2963.2,3185.92,3185.92,528.4375
2018-03-26,3016.96,3150.08,2963.2,2963.2,2963.2,527.5
2018-03-23,3010.56,3201.28,2913.28,3200,3200,488.6875
2018-03-22,2890.24,3041.92,2779.52,3020.8,3020.8,432
2018-03-21,2685.44,2695.68,2547.2,2623.36,2623.36,239.5625
2018-03-20,2757.12,2757.12,2722.56,2722.56,2722.56,29.5625
2018-03-19,2580.48,2891.52,2580.48,2775.68,2775.68,272.1875
2018-03-16,2515.2,2515.2,2515.2,2515.2,2515.2,15.375
2018-03-15,2576.64,2604.16,2576.64,2588.16,2588.16,12.1875
2018-03-14,2591.36,2686.08,2591.36,2662.4,2662.4,374.5
2018-03-13,2565.12,2605.44,2565.12,2605.44,2605.44,25.125
2018-03-12,2490.88,2560,2490.88,2544.64,2544.64,29.875
2018-03-09,2580.48,2580.48,2448,2448,2448,230.625
2018-03-08,2725.12,2726.4,2725.12,2725.76,2725.76,872.4375
2018-03-07,2848,2848,2753.92,2754.56,2754.56,50.6875
2018-03-06,2759.68,2880.64,2759.68,2796.16,2796.16,328.625
2018-03-05,2942.08,2942.08,2754.56,2781.44,2781.44,549.125
2018-03-02,3179.52,3233.28,2887.68,2887.68,2887.68,872.8125
2018-03-01,2804.48,3156.48,2804.48,3020.8,3020.8,708.8125
2018-02-28,2644.48,2837.12,2636.8,2826.24,2826.24,1130.125
2018-02-27,2506.88,2727.68,2506.88,2714.24,2714.24,1085.8125
2018-02-26,2516.48,2528.64,2476.8,2513.92,2513.92,64.0625
2018-02-23,2721.28,2743.04,2590.08,2591.36,2591.36,869.125
2018-02-22,2767.36,2848.64,2739.2,2810.88,2810.88,870.4375
2018-02-21,2778.24,2850.56,2629.12,2848,2848,2226.3125
2018-02-20,2764.8,2859.52,2744.96,2805.76,2805.76,679.9375
2018-02-16,2700.8,2735.36,2595.84,2695.68,2695.68,290.6875
2018-02-15,2625.92,2741.76,2616.64,2656,2656,211.6875
2018-02-14,3028.48,3029.12,2708.48,2718.72,2718.72,1394.875
2018-02-13,3123.84,3139.84,3046.4,3070.08,3070.08,571.625
2018-02-12,3089.92,3205.12,3072,3107.2,3107.2,227.9375
2018-02-09,3182.08,3609.6,3136,3217.92,3217.92,643.1875
2018-02-08,2907.52,3531.52,2903.04,3531.52,3531.52,1562.625
2018-02-07,2799.36,2885.76,2682.88,2850.56,2850.56,434.1875
2018-02-06,2944,3718.4,2759.36,2759.36,2759.36,193.25
2018-02-05,2172.16,2839.68,2088.32,2807.04,2807.04,805.75
2018-02-02,1922.56,2131.2,1921.92,2102.4,2102.4,456
2018-02-01,1929.6,1929.6,1850.88,1862.88,1862.88,168.125
2018-01-31,1917.44,1963.52,1917.44,1961.6,1961.6,143.75
2018-01-30,1970.56,2035.84,1951.36,1955.2,1955.2,989.5
2018-01-29,1868.8,1893.12,1868.8,1893.12,1893.12,22.5625
2018-01-24,1785.28,1785.28,1770.24,1770.24,1770.24,26.5625
2018-01-23,1708.8,1724.8,1708.8,1724.8,1724.8,37.5
2018-01-22,1697.92,1697.92,1697.92,1697.92,1697.92,3.125
2018-01-19,1731.2,1751.68,1716.48,1721.6,1721.6,137.5
2018-01-18,1753.6,1753.6,1744.64,1744.64,1744.64,81.3125
